126 97 0.9358389261744966 0.7698412698412699 6972 0
20 2 0.011978917105893628 0.1 25 0
100 59 0.9466615502686109 0.59 2467 0
279 293 0.9321072289726254 1.050179211469534 39430 0
206 263 0.01741107792560413 1.2766990291262137 1026 0
88 66 0.9075723830734966 0.75 1630 0
222 365 0.7791234699480024 1.6441441441441442 48248 0
90 48 0.9606011372867588 0.5333333333333333 2365 0
335 171 0.9923805802481196 0.5104477611940299 10159 0
253 272 0.31915024820398974 1.075098814229249 20702 0
108 85 0.8057530704589528 0.7870370370370371 4986 0
108 85 0.9770207619431566 0.7870370370370371 4847 0
231 125 0.8812528165840469 0.5411255411255411 11733 0
231 125 0.994182564804517 0.5411255411255411 11621 0
86 110 0.9644700880655936 1.2790697674418605 6352 0
88 89 0.9420018709073901 1.0113636363636365 4028 0
102 138 0.9527250459277403 1.3529411764705883 7779 0
121 52 0.9734065934065934 0.4297520661157025 4429 0
226 201 0.9874662079134923 0.8893805309734514 20090 0
150 97 0.9252522381696746 0.6466666666666666 6511 0
63 62 0.9568011424491253 0.9841269841269841 2680 0
32 17 0.04773561811505508 0.53125 78 0
58 50 0.9555451567618156 0.8620689655172413 2042 0
125 78 0.942928999806539 0.624 4874 0
74 60 0.9476108232584917 0.8108108108108109 3292 0
171 232 0.9820325868610966 1.3567251461988303 26399 0
135 101 0.9469746974697469 0.7481481481481481 8608 0
60 88 0.9424538545059717 1.4666666666666666 3472 0
53 75 0.938472942920682 1.4150943396226414 2532 0
879 422 0.1134141766763893 0.4800910125142207 29629 0
156 100 0.7328398384925976 0.6410256410256411 6534 0
123 78 0.8739930080559356 0.6341463414634146 5750 0
83 113 0.8023585935793841 1.3614457831325302 3674 0
79 113 0.9777838727372463 1.4303797468354431 3565 0
101 79 0.6521863389539868 0.7821782178217822 2282 0
100 79 0.8861578266494179 0.79 2055 0
56 41 0.7600417318727178 0.7321428571428571 1457 0
123 117 0.8322981366459627 0.9512195121951219 6432 0
123 117 0.9817839195979899 0.9512195121951219 6252 0
97 59 0.7845231891610214 0.6082474226804123 3011 0
97 54 0.9408150064683053 0.5567010309278351 2909 0
207 173 0.07867665212739693 0.8357487922705314 956 0
128 137 0.6710077790402936 1.0703125 7677 0
93 68 0.8808267370272648 0.7311827956989247 4006 0
531 362 0.5768439996442528 0.6817325800376648 110262 0
329 168 0.16499581675938294 0.5106382978723404 11241 0
217 128 0.7419774501300954 0.5898617511520737 10266 0
139 110 0.9385515727871251 0.7913669064748201 7698 0
185 142 0.9502941427231648 0.7675675675675676 11146 0
162 104 0.9416971059286317 0.6419753086419753 6703 0
520 180 0.9007770355800503 0.34615384615384615 46254 0
231 116 0.7674074916159837 0.5021645021645021 13501 0
565 603 0.31228523350745085 1.0672566371681416 92606 0
8 1 0.01249024199843872 0.125 16 0
26 128 0.00441306266548985 4.923076923076923 15 0
136 82 0.8711931207452526 0.6029411764705882 4863 0
204 204 0.9612724757952974 1.0 18765 0
83 57 0.8687977099236641 0.6867469879518072 1821 0
66 47 0.9382407985028073 0.7121212121212122 1504 0
79 91 0.8993823470810919 1.1518987341772151 4514 0
71 46 0.9342517219787101 0.647887323943662 1492 0
122 103 0.9360017123287672 0.8442622950819673 4373 0
504 579 0.12788506467166103 1.1488095238095237 24906 0
52 57 0.5471609572970436 1.0961538461538463 1166 0
126 114 0.864297253634895 0.9047619047619048 5885 0
126 114 0.9890890197436786 0.9047619047619048 5711 0
72 66 0.8433420365535248 0.9166666666666666 3230 0
72 66 0.9813490829965806 0.9166666666666666 3157 0
85 49 0.8369453044375645 0.5764705882352941 3244 0
85 49 0.9798657718120806 0.5764705882352941 3212 0
78 44 0.836217183770883 0.5641025641025641 2803 0
30 160 0.025813692480359147 5.333333333333333 92 0
51 55 0.9046653144016227 1.0784313725490196 1784 0
49 56 0.9095744680851063 1.1428571428571428 1710 0
56 4 0.035742652899126294 0.07142857142857142 90 0
126 57 0.6660774261976312 0.4523809523809524 3768 0
94 60 0.6278531260337413 0.6382978723404256 1898 0
87 46 0.7565278757939309 0.5287356321839081 2144 0
86 46 0.9592490842490843 0.5348837209302325 2095 0
197 128 0.6767010703363915 0.649746192893401 7081 0
101 72 0.9630615640599002 0.7128712871287128 2894 0
47 53 0.5157946692991116 1.127659574468085 1045 0
119 184 0.668716755319149 1.546218487394958 8046 0
117 90 0.8546836228287841 0.7692307692307693 5511 0
80 66 0.8383329516830776 0.825 3661 0
80 65 0.9703562686973076 0.8125 3568 0
125 61 0.7736529104343125 0.488 4293 0
66 54 0.9322691975841243 0.8181818181818182 2161 0
52 51 0.9607379375591296 0.9807692307692307 2031 0
42 248 0.0013151239251390997 5.904761904761905 26 0
51 63 0.8842685370741483 1.2352941176470589 1765 0
56 304 0.007708833565019588 5.428571428571429 61 0
455 483 0.4228078446162549 1.0615384615384615 89686 0
69 54 0.9606126914660832 0.782608695652174 2634 0
19 2 0.04987531172069826 0.10526315789473684 60 0
234 169 0.937308566347199 0.7222222222222222 18973 0
120 87 0.11672683513838748 0.725 582 0
91 87 0.12193664076509265 0.9560439560439561 612 0
300 263 0.06225930680359435 0.8766666666666667 6208 0
77 50 0.7450575390970788 0.6493506493506493 2525 0
456 482 0.4689906880591281 1.0570175438596492 102542 0
79 114 0.9592915297814598 1.4430379746835442 6716 0
158 269 0.018548709076390738 1.7025316455696202 1115 0
195 119 0.9115406409368507 0.6102564102564103 14478 0
88 77 0.16473149492017417 0.875 681 0
148 395 0.37742536192707393 2.668918918918919 6283 0
56 91 0.9735832978270132 1.625 2285 0
50 83 0.9767206477732794 1.66 1930 0
60 276 0.01952557689204454 4.6 121 0
62 151 0.9734939759036144 2.435483870967742 5656 0
120 101 0.8811572971983154 0.8416666666666667 9624 0
105 65 0.9816176470588235 0.6190476190476191 3471 0
99 71 0.9045081967213114 0.7171717171717171 2207 0
205 196 0.9181360201511335 0.9560975609756097 24057 0
183 80 0.941131498470948 0.4371584699453552 6155 0
132 46 0.9326647564469914 0.3484848484848485 3906 0
130 64 0.9476717381281696 0.49230769230769234 4111 0
55 9 0.01174496644295302 0.16363636363636364 42 0
115 85 0.9618681643511676 0.7391304347826086 3254 0
348 167 0.9319299993772187 0.47988505747126436 14964 0
193 82 0.8569462092333757 0.42487046632124353 8093 0
119 98 0.9589779245610985 0.8235294117647058 5517 0
132 97 0.9616868089483157 0.7348484848484849 3740 0
75 77 0.9220623501199041 1.0266666666666666 3845 0
109 81 0.9737916950306331 0.7431192660550459 5722 0
165 197 0.9483368208384443 1.1939393939393939 13143 0
186 63 0.22463305679642628 0.3387096774193548 1760 0
556 456 0.009637778108121501 0.8201438848920863 1167 0
276 159 0.0014186193793540216 0.5760869565217391 56 0
31 5 0.0014102162331557505 0.16129032258064516 9 0
595 350 0.9549056301128162 0.5882352941176471 89298 0
49 88 0.170076726342711 1.7959183673469388 266 0
69 47 0.9719211822660099 0.6811594202898551 1973 0
50 83 0.9703853955375253 1.66 2392 0
233 118 0.0031776834445118255 0.5064377682403434 131 0
111 18 0.04652193176783341 0.16216216216216217 315 0
1018 443 0.08761953993279917 0.4351669941060904 21696 0
61 51 0.661381074168798 0.8360655737704918 1293 0
61 51 0.903971119133574 0.8360655737704918 1252 0
60 49 0.7291079812206572 0.8166666666666667 1553 0
60 49 0.9515723270440252 0.8166666666666667 1513 0
166 107 0.7512630334300763 0.6445783132530121 6989 0
158 107 0.9204965272646668 0.6772151898734177 6229 0
56 50 0.06586513329848406 0.8928571428571429 126 0
82 71 0.9675209337731541 0.8658536585365854 3813 0
108 61 1.0 0.5648148148148148 6744 0
109 57 0.9974675530231086 0.5229357798165137 6302 0
237 77 0.9683658712942878 0.32489451476793246 10714 0
201 96 0.7740830054575454 0.47761194029850745 12198 0
431 456 0.6666462371357798 1.0580046403712298 130526 0
236 90 0.017673783450195647 0.3813559322033898 673 0
420 245 0.9618082618862042 0.5833333333333334 37020 0
419 248 0.8997900868019441 0.5918854415274463 47580 0
131 53 0.28364879074658256 0.40458015267175573 1079 0
431 495 0.6837115053839448 1.148491879350348 145087 0
20 1 0.046223224351747465 0.05 41 0
137 61 0.8781609195402299 0.44525547445255476 3056 0
27 20 0.001159823706796567 0.7407407407407407 5 0
203 171 0.9432229546926799 0.8423645320197044 24753 0
184 92 0.9453067257945307 0.5 7674 0
40 99 0.01761252446183953 2.475 117 0
193 49 0.8786894124018413 0.2538860103626943 3245 0
217 125 0.9714964370546318 0.576036866359447 13906 0
107 103 0.004456725198324271 0.9626168224299065 50 0
22 39 0.09512578616352202 1.7727272727272727 363 0
98 105 0.9258283132530121 1.0714285714285714 4918 0
134 127 0.9213163799551234 0.9477611940298507 6159 0
144 81 0.9393711165505555 0.5625 4989 0
170 375 0.04384233825804043 2.2058823529411766 822 0
158 76 0.9372076707202993 0.4810126582278481 8015 0
208 270 0.9298443394181156 1.2980769230769231 21445 0
303 396 0.05777480954914368 1.306930693069307 5104 0
125 63 0.9078341013824884 0.504 3940 0
57 57 0.8408751864743909 1.0 1691 0
133 70 0.9331081081081081 0.5263157894736842 2762 0
206 86 0.9569029573487888 0.4174757281553398 6439 0
147 93 0.8877161464181451 0.6326530612244898 3953 0
115 83 0.9112665684830633 0.7217391304347827 2475 0
82 78 0.9521660649819494 0.9512195121951219 2110 0
140 50 0.07164404223227752 0.35714285714285715 380 0
176 115 0.8708422746781116 0.6534090909090909 6493 0
446 316 0.9382306302319579 0.7085201793721974 50884 0
452 594 0.015529248820770124 1.3141592920353982 2377 0
51 49 0.9841786877617497 0.9607843137254902 2115 0
63 92 0.9426326129666012 1.4603174603174602 2399 0
11 55 0.016636690647482015 5.0 37 0
78 72 0.9922839506172839 0.9230769230769231 1929 0
81 74 0.9650602409638555 0.9135802469135802 2403 0
107 116 0.9377555656519764 1.0841121495327102 4128 0
111 108 0.9728190525498317 0.972972972972973 3758 0
64 47 0.9776902887139107 0.734375 1490 0
68 58 0.9486873508353222 0.8529411764705882 1590 0
140 129 0.959977372366002 0.9214285714285714 6788 0
94 49 0.84928 0.5212765957446809 2654 0
87 83 0.014969506560709665 0.9540229885057471 162 0
168 37 0.038953439772632284 0.22023809523809523 466 0
73 110 0.07305690181295997 1.5068493150684932 407 0
32 12 0.00815078960774325 0.375 32 0
75 50 0.9818376068376068 0.6666666666666666 2757 0
122 119 0.9194623027469316 0.9754098360655737 7866 0
79 49 0.8787671232876713 0.620253164556962 2566 0
421 156 0.021993112167051746 0.37054631828978624 1009 0
100 64 0.9057971014492754 0.64 2250 0
464 256 0.007941632231404958 0.5517241379310345 615 0
54 122 0.9848754448398577 2.259259259259259 5535 0
452 76 0.9603862922507149 0.168141592920354 20486 0
54 84 0.24397299903567984 1.5555555555555556 253 0
77 100 0.9694217939214232 1.2987012987012987 5231 0
193 90 0.9883373493975903 0.46632124352331605 10254 0
247 180 0.8880474826033565 0.728744939271255 17356 0
423 180 0.9462919624771382 0.425531914893617 48118 0
283 151 0.8414261552730645 0.5335689045936396 30845 0
159 44 0.9511278195488722 0.27672955974842767 3289 0
119 86 0.8914855072463768 0.7226890756302521 4921 0
854 311 0.017694585177731113 0.36416861826697894 3042 0
865 464 0.04733336137486136 0.5364161849710982 21381 0
74 45 0.5234782608695652 0.6081081081081081 903 0
80 49 0.7600154083204931 0.6125 1973 0
80 49 0.9725609756097561 0.6125 1914 0
86 49 0.6672320217096337 0.5697674418604651 1967 0
86 49 0.9155509783728115 0.5697674418604651 1778 0
135 71 0.7430064037748567 0.5259259259259259 4409 0
133 66 0.8891625615763546 0.49624060150375937 4332 0
83 90 0.9465512093162138 1.0843373493975903 3170 0
31 23 0.006205314987184676 0.7419354838709677 92 0
59 49 0.8037003610108303 0.8305084745762712 1781 0
63 122 0.0028666264333132166 1.9365079365079365 57 0
190 139 0.8757655293088364 0.7315789473684211 12012 0
223 81 0.3230918741122823 0.3632286995515695 4322 0
369 377 0.9405646823661691 1.021680216802168 30115 0
150 185 0.014395170652426282 1.2333333333333334 620 0
144 70 0.08367132341895749 0.4861111111111111 557 0
76 28 0.03664921465968586 0.3684210526315789 140 0
92 54 0.6913919413919414 0.5869565217391305 1510 0
98 49 0.8884038199181447 0.5 3256 0
120 83 0.8984316654219567 0.6916666666666667 7218 0
53 47 0.812111801242236 0.8867924528301887 1569 0
77 167 0.0027925869510027927 2.168831168831169 66 0
107 46 0.8138231631382317 0.42990654205607476 2614 0
219 80 0.8121868109841651 0.365296803652968 4052 0
146 46 0.8154623154623155 0.3150684931506849 2099 0
92 53 0.8723239618261542 0.5760869565217391 3382 0
142 91 0.00043952823968940007 0.6408450704225352 12 0
175 83 0.002156592583717726 0.4742857142857143 36 0
262 107 0.9062854979174555 0.4083969465648855 9574 0
76 54 0.8744200433034334 0.7105263157894737 2827 0
118 17 0.0038590172369436584 0.1440677966101695 30 0
382 205 0.9124556363021802 0.5366492146596858 26995 0
111 56 0.8049254698639015 0.5045045045045045 2484 0
403 353 0.9195942186509323 0.8759305210918115 71069 0
171 150 0.8933908734915688 0.8771929824561403 11179 0
56 102 0.008101742816768724 1.8214285714285714 86 0
136 145 0.900544069640914 1.0661764705882353 4138 0
176 115 0.8777815239379636 0.6534090909090909 5207 0
148 92 0.8251576734407848 0.6216216216216216 4710 0
138 68 0.8574477166026462 0.4927536231884058 2009 0
196 153 0.8986231693414014 0.7806122448979592 10247 0
119 101 0.8945727906123946 0.8487394957983193 4879 0
152 89 0.10981968281555507 0.5855263157894737 1011 0
86 53 0.02226850368471644 0.6162790697674418 139 0
70 68 0.8784916201117319 0.9714285714285714 2516 0
83 44 0.6659270998415214 0.5301204819277109 2101 0
156 145 0.9129507561070183 0.9294871794871795 9418 0
201 73 0.8804106548279689 0.36318407960199006 6346 0
165 110 0.8869327501366867 0.6666666666666666 8111 0
54 56 0.019300361881785282 1.037037037037037 96 0
77 81 0.90527710311327 1.051948051948052 4100 0
69 69 0.8582430119794637 1.0 3009 0
302 220 0.9083873933697707 0.7284768211920529 35567 0
236 162 0.01572350095293945 0.6864406779661016 429 0
59 53 0.8349900596421471 0.8983050847457628 2100 0
84 123 0.9326347305389222 1.4642857142857142 6853 0
1 1 0.0014044943820224719 1.0 3 0
160 122 0.26183289888873645 0.7625 3817 0
122 44 0.019814241486068113 0.36065573770491804 96 0
141 111 0.22658853268987705 0.7872340425531915 1972 0
68 138 0.9086065573770492 2.0294117647058822 6651 0
61 86 0.896600566572238 1.4098360655737705 3798 0
52 70 0.9478584729981379 1.3461538461538463 3054 0
52 54 0.9299429164504411 1.0384615384615385 1792 0
102 88 0.9033881247903388 0.8627450980392157 2693 0
62 57 0.9394099051633298 0.9193548387096774 1783 0
5 2 0.0029774564015312634 0.4 14 0
75 52 0.8898039215686274 0.6933333333333334 2269 0
181 160 0.935609334485739 0.8839779005524862 10825 0
147 122 0.9292057853336717 0.8299319727891157 3662 0
65 46 0.9142857142857143 0.7076923076923077 1152 0
52 47 0.9151422764227642 0.9038461538461539 1801 0
225 144 0.9331842325971484 0.64 3338 0
311 217 0.9369709543568465 0.6977491961414791 22581 0
361 405 0.07455171724332234 1.1218836565096952 8203 0
166 140 0.7126311188811189 0.8433734939759037 6522 0
70 49 0.9006181645268664 0.7 1894 0
97 73 0.9743503206209922 0.7525773195876289 2887 0
153 90 0.9235212569316081 0.5882352941176471 7994 0
129 61 0.9412163689803301 0.4728682170542636 4163 0
227 347 0.9905647239050206 1.52863436123348 28451 0
426 432 0.05216417579493547 1.0140845070422535 4705 0
81 64 0.6190053285968028 0.7901234567901234 2091 0
176 90 0.9174002622213898 0.5113636363636364 4898 0
38 109 0.012835472578763127 2.8684210526315788 33 0
38 54 0.02144469525959368 1.4210526315789473 76 0
64 43 0.9176100628930818 0.671875 1459 0
123 81 0.9714285714285714 0.6585365853658537 2992 0
72 51 0.7955719557195572 0.7083333333333334 1078 0
140 85 0.9098426246999199 0.6071428571428571 3411 0
457 382 0.9102300402538898 0.8358862144420132 72133 0
58 113 0.15916359163591637 1.9482758620689655 647 0
24 9 0.021069059695669138 0.375 54 0
88 100 0.8937437934458788 1.1363636363636365 3600 0
71 39 0.8763796909492274 0.5492957746478874 1191 0
236 106 0.8847276264591439 0.4491525423728814 7276 0
432 266 0.9413053883164975 0.6157407407407407 37367 0
338 84 0.9552967102156461 0.2485207100591716 12138 0
133 84 0.9181442798153996 0.631578947368421 3780 0
134 70 0.9196631770596267 0.5223880597014925 4041 0
219 264 0.0033336182579707667 1.2054794520547945 234 0
219 421 0.011218705715635333 1.9223744292237444 475 0
332 497 0.7342100931023761 1.4969879518072289 120420 0
164 62 0.01109293891772737 0.3780487804878049 312 0
321 485 0.962872414904375 1.5109034267912773 86646 0
332 468 0.4281931587795182 1.4096385542168675 59348 0
151 167 0.9195848375451263 1.1059602649006623 10189 0
321 141 0.9582000176123522 0.4392523364485981 32643 0
292 336 0.11115834218916047 1.1506849315068493 8368 0
64 60 0.6953699697100822 0.9375 1607 0
62 60 0.9205495818399044 0.967741935483871 1541 0
163 123 0.17809268479509766 0.754601226993865 1860 0
85 44 0.011334655709832813 0.5176470588235295 40 0
291 370 0.9195954402462537 1.2714776632302405 54372 0
189 207 0.7934552454282965 1.0952380952380953 20610 0
52 74 0.11443530291697832 1.4230769230769231 153 0
156 47 0.8015182373634512 0.30128205128205127 4329 0
99 82 0.6184758637588826 0.8282828282828283 2524 0
354 458 0.6233045622688039 1.2937853107344632 101100 0
38 58 0.04791208791208791 1.5263157894736843 218 0
228 168 0.9580931943592887 0.7368421052631579 31253 0
212 45 0.012304360665419825 0.21226415094339623 375 0
63 78 0.9551208285385501 1.2380952380952381 3320 0
52 98 0.9908480780964003 1.8846153846153846 4872 0
344 359 0.9512522907758094 1.0436046511627908 46716 0
355 495 0.1795159773096548 1.3943661971830985 31488 0
307 380 0.1732105376381597 1.237785016286645 29791 0
100 64 0.5971052631578947 0.64 2269 0
201 146 0.7115640230394329 0.7263681592039801 9636 0
103 81 0.8432678821879382 0.7864077669902912 4810 0
143 49 0.8991439272338149 0.34265734265734266 3361 0
76 40 0.5914036996735582 0.5263157894736842 1087 0
93 55 0.7500564971751412 0.5913978494623656 3319 0
107 82 0.08330234287839346 0.7663551401869159 448 0
428 455 0.4907881400840669 1.0630841121495327 95394 0
11 1 0.00985432733504713 0.09090909090909091 23 0
80 55 0.8857877341167829 0.6875 2412 0
278 335 0.10090463843272832 1.2050359712230216 8756 0
95 58 0.7039390088945362 0.6105263157894737 2770 0
89 45 0.9385826771653544 0.5056179775280899 2384 0
56 43 0.6228114057028514 0.7678571428571429 1245 0
86 45 0.6128048780487805 0.5232558139534884 1809 0
50 59 0.9406392694063926 1.18 1854 0
68 81 0.9653278407140405 1.1911764705882353 2812 0
69 90 0.9457333857648447 1.3043478260869565 2405 0
47 91 0.0050744802750040926 1.9361702127659575 31 0
148 312 0.9749487754902917 2.108108108108108 39969 0
126 181 0.9577937203018727 1.4365079365079365 20560 0
363 652 0.14882688159198387 1.7961432506887052 21180 0
69 235 0.8127769880424784 3.4057971014492754 9720 0
68 235 0.9310576277687218 3.4558823529411766 9710 0
70 74 0.9322645290581162 1.0571428571428572 2326 0
99 52 0.974903474903475 0.5252525252525253 2525 0
54 51 0.9622512010981469 0.9444444444444444 1402 0
81 56 0.9285252263906857 0.691358024691358 2871 0
55 44 0.9114671163575042 0.8 1081 0
2 1 0.0035056967572304996 0.5 4 0
59 54 0.9591115598182736 0.9152542372881356 1900 0
134 113 0.9433305485937065 0.8432835820895522 6775 0
523 496 0.9609878465464297 0.9483747609942639 88876 0
61 85 0.2826238660153524 1.3934426229508197 405 0
169 122 0.9886708153821605 0.7218934911242604 6196 0
114 86 0.9566866898514069 0.7543859649122807 3026 0
207 172 0.9230368787330813 0.8309178743961353 33689 0
134 158 0.9555663469709846 1.1791044776119404 7871 0
138 56 0.9337748344370861 0.4057971014492754 2115 0
200 189 0.9591070723034374 0.945 9710 0
96 147 0.9944398438424228 1.53125 8406 0
326 467 0.8724278744166313 1.4325153374233128 65802 0
176 172 0.992001057711377 0.9772727272727273 30012 0
167 154 0.9309382315865298 0.9221556886227545 10339 0
87 82 0.9857450687883308 0.9425287356321839 5947 0
97 58 0.93536 0.5979381443298969 2923 0
55 58 0.9509083880943178 1.0545454545454545 2460 0
83 50 0.708230198019802 0.6024096385542169 2289 0
139 102 0.0961743962385125 0.7338129496402878 900 0
65 54 0.034482758620689655 0.8307692307692308 250 0
175 156 0.9972218230588686 0.8914285714285715 20819 0
61 165 0.9529263687853996 2.7049180327868854 7571 0
63 60 0.9483050847457627 0.9523809523809523 2238 0
115 47 0.011048460835111247 0.40869565217391307 145 0
74 61 0.8971502590673575 0.8243243243243243 3463 0
286 49 0.897695530726257 0.17132867132867133 5142 0
222 312 0.9821405561425663 1.4054054054054055 38110 0
428 509 0.5654584520528749 1.189252336448598 121059 0
112 161 0.9485673607403453 1.4375 10660 0
135 48 0.8969594594594594 0.35555555555555557 3186 0
238 406 0.04311262507983819 1.7058823529411764 2025 0
162 121 0.15203488372093024 0.7469135802469136 1569 0
91 31 0.03142384603818975 0.34065934065934067 209 0
128 54 0.900625 0.421875 4323 0
158 83 0.10171938574616092 0.5253164556962026 775 0
138 62 0.03243641725027645 0.4492753623188406 176 0
191 81 0.09895276768540287 0.42408376963350786 926 0
177 62 0.043434049970947124 0.3502824858757062 299 0
132 98 0.14952914227538813 0.7424242424242424 1175 0
52 19 0.13087695898632878 0.36538461538461536 785 0
104 171 0.726573492167714 1.6442307692307692 7746 0
75 64 0.9300291545189504 0.8533333333333334 2552 0
98 74 0.9321567728627091 0.7551020408163265 4067 0
78 86 0.6142744686434006 1.1025641025641026 2341 0
51 48 0.5490867579908676 0.9411764705882353 962 0
77 56 0.9308811641067097 0.7272727272727273 2303 0
117 64 0.9922153024911032 0.5470085470085471 4461 0
199 112 0.16133588941580063 0.5628140703517588 1599 0
85 26 0.021368443772933305 0.3058823529411765 99 0
134 110 0.11069482288828338 0.8208955223880597 650 0
14 59 0.026157467957101752 4.214285714285714 100 0
58 24 0.3221089942401418 0.41379310344827586 1454 0
315 583 0.08707553823934437 1.8507936507936509 10370 0
64 66 0.6529850746268657 1.03125 2100 0
76 63 0.6382978723404256 0.8289473684210527 2010 0
80 50 0.6261913166254853 0.625 1774 0
3 2 0.0013469827586206897 0.6666666666666666 10 0
89 59 0.8661433588101632 0.6629213483146067 4193 0
45 16 0.00782472613458529 0.35555555555555557 15 0
107 238 0.9354796663190824 2.2242990654205608 7177 0
262 250 0.9802431039024574 0.9541984732824428 52096 0
511 383 0.9399619443820689 0.7495107632093934 79533 0
63 150 0.08330979949166901 2.380952380952381 295 0
48 81 0.18791064388961892 1.6875 429 0
220 285 0.9894710632091914 1.2954545454545454 27817 0
327 183 0.0063814767753776645 0.5596330275229358 452 0
339 329 0.19438396121769852 0.9705014749262537 18926 0
487 298 0.05893941221404736 0.6119096509240246 7330 0
295 44 0.7465977822580645 0.14915254237288136 5925 0
455 558 0.6084903795205973 1.2263736263736265 153886 0
89 124 0.14202795546079128 1.3932584269662922 2398 0
86 61 0.6217706821480407 0.7093023255813954 2142 0
249 128 0.9278061479923901 0.5140562248995983 9266 0
80 12 0.01935366076319153 0.15 106 0
20 10 0.03751465416178194 0.5 160 0
369 152 0.03016496465043205 0.41192411924119243 1152 0
98 111 0.17646001796945193 1.1326530612244898 982 0
8 2 0.009377344336084021 0.25 25 0
145 192 0.9860919609136143 1.3241379310344827 16449 0
97 112 0.08513788635942994 1.1546391752577319 460 0
1 1 0.000835421888053467 1.0 3 0
455 405 0.4200563562578366 0.8901098901098901 62312 0
84 137 0.9514304723885563 1.630952380952381 5720 0
94 47 0.9474243228890069 0.5 1784 0
186 348 0.025153244557176074 1.8709677419354838 1666 0
118 82 0.09800822004426178 0.6949152542372882 620 0
80 199 0.9282004967261233 2.4875 8222 0
283 196 0.9569282023388632 0.6925795053003534 28149 0
135 79 0.1255970281266584 0.5851851851851851 710 0
53 37 0.020475760313158686 0.6981132075471698 68 0
99 156 0.9945581192860252 1.5757575757575757 4569 0
182 260 0.9326020549847265 1.4285714285714286 33583 0
160 175 0.9428891377379619 1.09375 11788 0
61 86 0.9675324675324676 1.4098360655737705 2533 0
177 115 0.9510412239694007 0.6497175141242938 11189 0
80 51 0.8968763371844245 0.6375 2096 0
115 66 0.978448275862069 0.5739130434782609 1589 0
93 45 0.9446441409058232 0.4838709677419355 1314 0
150 58 0.9167367535744323 0.38666666666666666 2180 0
75 43 0.8747855917667239 0.5733333333333334 1020 0
85 95 0.9402173913043478 1.1176470588235294 2768 0
219 102 0.9250501896051752 0.4657534246575342 4147 0
92 80 0.8712871287128713 0.8695652173913043 2728 0
86 57 0.9775086505190311 0.6627906976744186 1695 0
73 34 0.026149968494013864 0.4657534246575342 83 0
95 62 0.9188311688311688 0.6526315789473685 3396 0
147 140 0.9724473257698542 0.9523809523809523 9600 0
60 60 0.9546814878153057 1.0 2233 0
100 138 0.9423898629733314 1.38 6396 0
53 105 0.0002726776949645519 1.9811320754716981 3 0
52 66 0.9533141210374639 1.2692307692307692 1654 0
83 66 0.9680382072005878 0.7951807228915663 2635 0
65 70 0.9314472252448314 1.0769230769230769 2568 0
90 55 0.9317000742390498 0.6111111111111112 1255 0
149 76 0.8965892597968069 0.5100671140939598 2471 0
119 143 0.9421973608720596 1.2016806722689075 6569 0
505 392 0.9544472643569616 0.7762376237623763 80856 0
50 71 0.05506709856547894 1.42 119 0
309 446 0.8452821790991633 1.4433656957928802 94959 0
225 223 0.8555295261669024 0.9911111111111112 38711 0
170 150 0.9238149628783552 0.8823529411764706 8088 0
122 83 0.9820734341252699 0.680327868852459 9094 0
120 58 0.9580681392736803 0.48333333333333334 2559 0
135 54 0.06576492537313433 0.4 282 0
311 320 0.010804653482697726 1.0289389067524115 1603 0
68 53 0.9533093894304772 0.7794117647058824 1858 0
94 63 0.9396170839469808 0.6702127659574468 3190 0
56 67 0.9277663934426229 1.1964285714285714 1811 0
97 88 0.861890694239291 0.9072164948453608 4668 0
97 88 0.9885157096424702 0.9072164948453608 4562 0
50 53 0.6623259991019308 1.06 1475 0
262 210 0.8421052631578947 0.8015267175572519 11968 0
261 210 0.9939368061485909 0.8045977011494253 11639 0
80 66 0.7794371051120046 0.825 2714 0
80 66 0.9666544521802858 0.825 2638 0
128 112 0.7115849324804548 0.875 5006 0
75 64 0.9294012511170688 0.8533333333333334 2080 0
122 93 0.8246599645180367 0.7622950819672131 2789 0
64 49 0.7145773785218457 0.765625 1750 0
58 49 0.9583081570996979 0.8448275862068966 1586 0
178 59 0.8418203349687025 0.33146067415730335 4976 0
175 59 0.9930753564154786 0.33714285714285713 4876 0
99 55 0.6722634807878592 0.5555555555555556 2082 0
289 72 0.8542129189132044 0.2491349480968858 8080 0
286 72 0.9973680912395037 0.2517482517482518 7958 0
50 57 0.759185303514377 1.14 1901 0
49 57 0.9364682341170585 1.163265306122449 1872 0
43 44 0.790084859312193 1.0232558139534884 1769 0
44 153 0.8806654440660204 3.477272727272727 6723 0
341 382 0.8230272518332057 1.1202346041055717 67680 0
125 51 0.7425353119971393 0.408 4153 0
125 51 0.9112235510579577 0.408 3962 0
103 127 0.9520904816368027 1.233009708737864 7492 0
157 60 0.9414665523156089 0.3821656050955414 4391 0
85 54 0.9215885947046843 0.6352941176470588 1810 0
54 160 0.003916801728795246 2.962962962962963 58 0
3 1 0.002635046113306983 0.3333333333333333 6 0
261 236 0.94287109375 0.9042145593869731 32827 0
62 54 0.09783420463032114 0.8709677419354839 131 0
97 75 0.11561810154525386 0.7731958762886598 419 0
31 28 0.05219552609776305 0.9032258064516129 126 0
393 315 0.03195273498923713 0.8015267175572519 2093 0
173 62 0.14060676779463244 0.3583815028901734 723 0
74 14 0.03471231573941987 0.1891891891891892 73 0
210 143 0.9882386043894203 0.680952380952381 17561 0
300 129 0.0027683051748505633 0.43 427 0
2 0 0.0003472624146313231 0.0 3 0
62 75 0.9503731343283582 1.2096774193548387 2547 0
68 65 0.9534808067664281 0.9558823529411765 2931 0
177 101 0.09504132231404959 0.5706214689265536 667 0
69 50 0.9857456140350878 0.7246376811594203 2697 0
397 402 0.940105988215628 1.012594458438287 79297 0
64 74 0.9848354792560801 1.15625 3442 0
292 67 0.02380722891566265 0.22945205479452055 1482 0
204 351 0.019373503591380688 1.7205882352941178 971 0
407 462 0.4082246022469766 1.135135135135135 68456 0
250 275 0.9480284208545078 1.1 40295 0
23 3 0.008291873963515755 0.13043478260869565 80 0
393 329 0.079020834095259 0.8371501272264631 6482 0
83 63 0.6111111111111112 0.7590361445783133 1628 0
493 594 0.41185827848166573 1.204868154158215 95797 0
94 88 0.9900813835198372 0.9361702127659575 3893 0
118 59 0.9695164681149264 0.5 2767 0
106 102 0.9815429282455412 0.9622641509433962 4733 0
397 274 0.9637950032606984 0.690176322418136 42859 0
55 53 0.9493302271403611 0.9636363636363636 1630 0
420 124 0.2412633349098744 0.29523809523809524 9182 0
166 67 0.8203264094955489 0.4036144578313253 5529 0
166 67 0.9853181076672104 0.4036144578313253 5436 0
412 344 0.1322837495475932 0.8349514563106796 13889 0
152 62 0.7563356875778978 0.40789473684210525 3641 0
151 62 0.9651481888035126 0.4105960264900662 3517 0
73 50 0.9263527054108216 0.684931506849315 1849 0
538 243 0.9936256364340982 0.4516728624535316 74354 0
286 152 0.9889735689962704 0.5314685314685315 24396 0
69 71 0.9549078226208271 1.0289855072463767 3833 0
91 114 0.964498255694644 1.2527472527472527 4700 0
108 59 0.9049150206706477 0.5462962962962963 3940 0
59 45 0.8345138441725692 0.7627118644067796 1296 0
181 234 0.7222271360339643 1.292817679558011 16331 0
61 50 0.9442148760330579 0.819672131147541 2285 0
136 93 0.9330325673198928 0.6838235294117647 6618 0
113 109 0.9413908733051465 0.9646017699115044 6457 0
108 127 0.9621387283236994 1.1759259259259258 6656 0
108 85 0.9372073222647935 0.7870370370370371 4403 0
57 48 0.9748352306770521 0.8421052631578947 1627 0
135 134 0.9134735526863806 0.9925925925925926 8773 0
417 281 0.09970906172406009 0.6738609112709832 7951 0
98 44 0.5030112594920136 0.4489795918367347 1921 0
87 50 0.9756389776357828 0.5747126436781609 2443 0
52 68 0.9474436896675009 1.3076923076923077 2650 0
83 65 0.5622353937341237 0.7831325301204819 1328 0
166 67 0.8119106699751861 0.4036144578313253 4908 0
165 67 0.9767346938775511 0.40606060606060607 4786 0
144 152 0.8487 1.0555555555555556 8487 0
142 152 0.9874348032242769 1.0704225352112675 8330 0
45 54 0.7956577266922095 1.2 1869 0
67 49 0.6389578163771712 0.7313432835820896 1030 0
77 59 0.5578666666666666 0.7662337662337663 1046 0
253 98 0.7986710024035063 0.38735177865612647 11298 0
206 98 0.9241204270960967 0.47572815533980584 10559 0
69 54 0.787848271231957 0.782608695652174 2347 0
69 54 0.9736730360934183 0.782608695652174 2293 0
60 50 0.7936267071320182 0.8333333333333334 2092 0
59 50 0.9748457522543901 0.847457627118644 2054 0
100 71 0.930522845030617 0.71 3951 0
149 75 0.1220152519064883 0.5033557046979866 976 0
33 17 0.024642145316180468 0.5151515151515151 136 0
199 137 0.16899244654973755 0.6884422110552764 2640 0
3 1 0.0014092446448703494 0.3333333333333333 5 0
143 30 0.09252610966057441 0.2097902097902098 567 0
8 0 0.0039079461571862786 0.0 9 0
238 320 0.9908137459089557 1.3445378151260505 26641 0
586 122 0.04771724687749136 0.20819112627986347 4489 0
81 62 0.9059011164274322 0.7654320987654321 2840 0
54 40 0.8189457601222307 0.7407407407407407 1072 0
109 83 0.8384925975773889 0.7614678899082569 3115 0
106 39 0.1296774193548387 0.36792452830188677 603 0
52 34 0.8165467625899281 0.6538461538461539 1135 0
64 36 0.8710217755443886 0.5625 1040 0
224 210 0.9671870238054925 0.9375 28562 0
75 49 0.9573712255772646 0.6533333333333333 2695 0
201 172 0.09157984948713142 0.8557213930348259 6839 0
69 71 0.8058064516129032 1.0289855072463767 2498 0
69 71 0.9724807770133549 1.0289855072463767 2403 0
121 70 0.9705951540813926 0.5785123966942148 4126 0
245 263 0.03232408993738345 1.073469387755102 2132 0
54 33 0.8877236273904997 0.6111111111111112 1439 0
60 67 0.9557739557739557 1.1166666666666667 1556 0
80 26 0.9671104150352389 0.325 1235 0
101 24 0.8565552699228792 0.2376237623762376 1666 0
21 38 0.007722007722007722 1.8095238095238095 10 0
152 96 0.9415011037527594 0.631578947368421 6824 0
237 143 0.06491525423728814 0.6033755274261603 4979 0
114 84 0.7730387118876327 0.7368421052631579 4513 0
113 70 0.9213759213759214 0.6194690265486725 4125 0
56 24 0.8230088495575221 0.42857142857142855 744 0
95 35 0.8040468583599574 0.3684210526315789 1510 0
58 34 0.878334417696812 0.5862068965517241 1350 0
144 64 0.9404420794105608 0.4444444444444444 4595 0
45 21 0.8257887517146777 0.4666666666666667 602 0
146 50 0.9023153252480706 0.3424657534246575 4092 0
560 506 0.21674777701296558 0.9035714285714286 53846 0
68 28 0.8695064232589588 0.4117647058823529 1286 0
136 98 0.1683830648710501 0.7205882352941176 1913 0
61 57 0.6193969030154849 0.9344262295081968 1520 0
64 61 0.8668994955374466 0.953125 2234 0
86 37 0.8840070298769771 0.43023255813953487 2515 0
60 52 0.8904761904761904 0.8666666666666667 1496 0
106 58 0.8639825897714908 0.5471698113207547 2382 0
88 80 0.9399338254008653 0.9090909090909091 3693 0
62 46 0.8935281837160751 0.7419354838709677 1712 0
55 47 0.8740213523131672 0.8545454545454545 1228 0
71 28 0.9166666666666666 0.39436619718309857 1397 0
483 468 0.11243312221832882 0.968944099378882 21498 0
171 114 0.6505956213779781 0.6666666666666666 8083 0
114 76 0.8622848200312989 0.6666666666666666 4408 0
68 52 0.6724919093851133 0.7647058823529411 2078 0
63 52 0.8812615955473099 0.8253968253968254 1900 0
66 64 0.676677616142656 0.9696969696969697 1442 0
64 59 0.8939492517891997 0.921875 1374 0
94 90 0.6703488372093023 0.9574468085106383 2306 0
89 90 0.8515001898974554 1.0112359550561798 2242 0
88 62 0.9219078793546879 0.7045454545454546 3943 0
71 26 0.8132033008252063 0.36619718309859156 1084 0
81 38 0.8233562315996075 0.4691358024691358 1678 0
70 43 0.8521626856036152 0.6142857142857143 1320 0
166 41 0.8707616707616708 0.2469879518072289 3544 0
203 121 0.9062788550323176 0.5960591133004927 7852 0
113 23 0.09558441558441559 0.20353982300884957 184 0
51 31 0.867966991747937 0.6078431372549019 1157 0
51 26 0.8522727272727273 0.5098039215686274 675 0
73 33 0.7693811074918567 0.4520547945205479 1181 0
330 210 0.934682428371068 0.6363636363636364 27990 0
115 76 0.04964221824686941 0.6608695652173913 555 0
113 114 0.048508803449514915 1.008849557522124 270 0
50 36 0.11986531986531987 0.72 178 0
83 28 0.877892030848329 0.3373493975903614 1366 0
106 94 0.8515144613983148 0.8867924528301887 3739 0
138 65 0.8410078192875761 0.47101449275362317 3872 0
137 128 0.9329545454545455 0.9343065693430657 8210 0
80 37 0.905790838375108 0.4625 2096 0
53 30 0.7756255044390638 0.5660377358490566 961 0
151 87 0.8192394512936274 0.5761589403973509 4718 0
103 49 0.851114922813036 0.47572815533980584 2481 0
113 21 0.7498396407953817 0.18584070796460178 1169 0
510 122 0.06909114779925822 0.23921568627450981 2105 0
81 29 0.4795144157814871 0.35802469135802467 948 0
90 37 0.8285024154589372 0.4111111111111111 1715 0
19 1 0.03656307129798903 0.05263157894736842 40 0
61 28 0.7569296375266524 0.45901639344262296 1065 0
206 75 0.8632833422603107 0.3640776699029126 6447 0
84 20 0.7571428571428571 0.23809523809523808 901 0
76 43 0.9073226544622426 0.5657894736842105 1586 0
72 72 0.9675475197032916 1.0 2087 0
90 61 0.8716459197786999 0.6777777777777778 3151 0
92 32 0.8529518290474466 0.34782608695652173 2355 0
175 25 0.8 0.14285714285714285 2040 0
175 96 0.8341723721304873 0.5485714285714286 8285 0
103 42 0.9094878920206431 0.4077669902912621 2291 0
203 461 0.7643620889331789 2.270935960591133 56760 0
65 69 0.8772609819121447 1.0615384615384615 2716 0
93 57 0.8613901165126557 0.6129032258064516 2144 0
146 26 0.8999323867478025 0.1780821917808219 2662 0
222 56 0.8441679049034175 0.25225225225225223 4545 0
114 30 0.8272042534337616 0.2631578947368421 1867 0
156 34 0.04345273047563124 0.21794871794871795 148 0
58 29 0.8308501314636284 0.5 948 0
112 48 0.09218642906100069 0.42857142857142855 269 0
127 28 0.8705691056910569 0.2204724409448819 2677 0
170 111 0.9152725310307609 0.6529411764705882 8480 0
71 33 0.9134796238244514 0.4647887323943662 1457 0
266 59 0.8586943107491053 0.22180451127819548 6958 0
176 33 0.80197068012497 0.1875 3337 0
53 37 0.446693657219973 0.6981132075471698 662 0
49 37 0.6443812233285917 0.7551020408163265 906 0
73 33 0.4650047938638543 0.4520547945205479 970 0
57 35 0.5657041838538598 0.6140350877192983 960 0
85 23 0.5378006872852233 0.27058823529411763 939 0
54 22 0.5494845360824743 0.4074074074074074 533 0
75 27 0.5349194167306216 0.36 697 0
330 459 0.7081505410651139 1.3909090909090909 106537 0
60 24 0.5940274414850686 0.4 736 0
64 24 0.6116438356164383 0.375 893 0
128 59 0.5927715500579822 0.4609375 3067 0
128 98 0.8183889340927584 0.765625 5029 0
128 98 0.9851279000594884 0.765625 4968 0
73 121 0.9592233009708738 1.6575342465753424 3952 0
67 74 0.9663774403470716 1.1044776119402986 3564 0
97 35 0.9441884280593958 0.36082474226804123 1844 0
63 46 0.8982630272952854 0.7301587301587301 1810 0
61 22 0.8525695029486099 0.36065573770491804 1012 0
122 94 0.8827506073729798 0.7704918032786885 8357 0
62 22 0.15829145728643215 0.3548387096774194 189 0
220 313 0.1432015900426835 1.4227272727272726 8790 0
46 47 0.6259860788863109 1.0217391304347827 1349 0
77 44 0.557370820668693 0.5714285714285714 1467 0
99 88 0.9073331761377034 0.8888888888888888 3848 0
93 29 0.05678745267712277 0.3118279569892473 105 0
59 32 0.12668250197941408 0.5423728813559322 160 0
62 12 0.0011667373780229104 0.1935483870967742 11 0
114 139 0.9541710065334722 1.219298245614035 10077 0
112 297 0.005269280777389996 2.6517857142857144 154 0
53 49 0.929569266589057 0.9245283018867925 1597 0
66 32 0.9519464720194647 0.48484848484848486 1565 0
64 36 0.859214501510574 0.5625 1422 0
83 49 0.9233780760626398 0.5903614457831325 1651 0
62 47 0.9938482570061518 0.7580645161290323 1454 0
107 77 0.9025278491859469 0.719626168224299 4213 0
140 76 0.8818796855000914 0.5428571428571428 4823 0
58 22 0.8753993610223643 0.3793103448275862 822 0
56 36 0.9282051282051282 0.6428571428571429 1086 0
5 2 0.015988372093023256 0.4 11 0
48 40 0.9705179282868526 0.8333333333333334 1218 0
72 55 0.9657198824681684 0.7638888888888888 1972 0
27 17 0.16566385880465304 0.6296296296296297 413 0
221 61 0.9343233128093685 0.27601809954751133 7739 0
57 42 0.8558673469387755 0.7368421052631579 1342 0
72 53 0.8751944012441679 0.7361111111111112 2251 0
50 34 0.9653916211293261 0.68 1060 0
63 44 0.8246926777124532 0.6984126984126984 1543 0
78 47 0.959005376344086 0.6025641025641025 1427 0
133 91 0.987444859178826 0.6842105263157895 2910 0
71 78 0.9069967707212055 1.0985915492957747 4213 0
28 25 0.021613470721286755 0.8928571428571429 86 0
200 66 0.9118322802986789 0.33 3175 0
260 303 0.21194292597053646 1.1653846153846155 18300 0
210 148 0.6950480769230769 0.7047619047619048 14457 0
137 58 0.9154291923216226 0.4233576642335766 5055 0
65 45 0.9305625950329448 0.6923076923076923 1836 0
121 46 0.5673567356735674 0.38016528925619836 1891 0
70 27 0.8848979591836734 0.38571428571428573 1084 0
48 25 0.6457536342769702 0.5208333333333334 844 0
47 35 0.5676375404530745 0.7446808510638298 877 0
205 87 0.7631514955013374 0.424390243902439 9415 0
116 30 0.9123552123552123 0.25862068965517243 2363 0
105 42 0.958808618504436 0.4 3026 0
82 55 0.6550810989738497 0.6707317073170732 1979 0
61 28 0.8882149046793761 0.45901639344262296 1025 0
339 238 0.6725583585360112 0.7020648967551623 37138 0
55 63 0.8680580120268836 1.1454545454545455 2454 0
74 87 0.8840494408475574 1.1756756756756757 3004 0
71 46 0.8562034195528277 0.647887323943662 1953 0
89 79 0.834015748031496 0.8876404494382022 2648 0
8 2 0.01563663440059568 0.25 21 0
123 28 0.7892976588628763 0.22764227642276422 1888 0
9 1 0.015517241379310345 0.1111111111111111 18 0
142 54 0.9055382402301606 0.38028169014084506 3777 0
73 34 0.9452685421994885 0.4657534246575342 1848 0
199 133 0.9513718668458923 0.6683417085427136 12032 0
95 28 0.6847430190206394 0.29473684210526313 1692 0
73 42 0.5848074921956296 0.5753424657534246 1686 0
65 70 0.9052532833020638 1.0769230769230769 2895 0
132 362 0.9092715466770749 2.742424242424242 25626 0
142 32 0.8743276283618582 0.22535211267605634 1788 0
65 32 0.8257918552036199 0.49230769230769234 1095 0
52 47 0.8938518129269575 0.9038461538461539 1701 0
59 51 0.9519852262234534 0.864406779661017 2062 0
64 40 0.9596774193548387 0.625 1904 0
74 62 0.9433914581753854 0.8378378378378378 3733 0
75 30 0.8048469387755102 0.4 1262 0
49 36 0.9100294985250738 0.7346938775510204 1234 0
116 164 0.9420080784766302 1.4137931034482758 6530 0
80 49 0.8366815476190477 0.6125 2249 0
76 59 0.9401519949335022 0.7763157894736842 2969 0
50 61 0.8587196467991169 1.22 1556 0
103 94 0.8698921216083687 0.912621359223301 2661 0
121 84 0.8433075933075933 0.6942148760330579 2621 0
52 69 0.9560067681895094 1.3269230769230769 1695 0
85 112 0.9844491302055878 1.3176470588235294 3735 0
89 101 0.8597343699384515 1.1348314606741574 2654 0
49 39 0.9090909090909091 0.7959183673469388 950 0
99 29 0.8833849329205367 0.29292929292929293 1712 0
75 77 0.9820448877805487 1.0266666666666666 3938 0
102 82 0.9456125108601217 0.803921568627451 5442 0
19 0 0.004480286738351254 0.0 20 0
247 110 0.8508102717526801 0.44534412955465585 17063 0
70 67 0.9341917024320457 0.9571428571428572 2612 0
62 30 0.49968612680477087 0.4838709677419355 796 0
91 23 0.41396933560477 0.25274725274725274 729 0
50 28 0.5992366412213741 0.56 785 0
45 28 0.7073170731707317 0.6222222222222222 928 0
45 34 0.6220858895705521 0.7555555555555555 1014 0
65 27 0.659963436928702 0.4153846153846154 1083 0
63 27 0.9244288224956063 0.42857142857142855 1052 0
93 74 0.658335144533797 0.7956989247311828 3029 0
71 105 0.6802366863905326 1.4788732394366197 2874 0
79 45 0.5845471817606079 0.569620253164557 1846 0
147 124 0.8573926729037334 0.8435374149659864 9806 0
147 124 0.993734335839599 0.8435374149659864 9516 0
80 26 0.6763937282229965 0.325 1553 0
79 25 0.8822495606326889 0.31645569620253167 1506 0
235 175 0.9143735292705182 0.7446808510638298 19040 0
235 175 0.9941483473034952 0.7446808510638298 18858 0
100 46 0.7452667814113597 0.46 2165 0
62 43 0.5891062929666843 0.6935483870967742 1114 0
75 208 0.781707207611525 2.7733333333333334 8709 0
47 40 0.9257012888551933 0.851063829787234 1221 0
67 107 0.9418999151823579 1.5970149253731343 4442 0
75 88 0.9261744966442953 1.1733333333333333 2484 0
57 98 0.7046696472925981 1.719298245614035 2837 0
45 144 0.8155834698707446 3.2 4480 0
52 24 0.7278393351800554 0.46153846153846156 1051 0
88 27 0.804904831625183 0.3068181818181818 2199 0
88 27 0.9923111714156491 0.3068181818181818 2194 0
54 78 0.9462773722627738 1.4444444444444444 3241 0
52 78 0.680633147113594 1.5 1462 0
52 78 0.9445178335535006 1.5 1430 0
57 55 0.705221174764322 0.9649122807017544 1945 0
56 55 0.9008882655446471 0.9821428571428571 1927 0
63 39 0.5874055415617129 0.6190476190476191 1166 0
63 53 0.5821114369501467 0.8412698412698413 794 0
54 142 0.9968276856524874 2.6296296296296298 6913 0
54 32 0.9871216999356085 0.5925925925925926 1533 0
118 47 0.668199233716475 0.3983050847457627 1744 0
83 33 0.933649289099526 0.39759036144578314 1182 0
85 45 0.8392415498763397 0.5294117647058824 3054 0
85 45 0.9859568909209667 0.5294117647058824 3019 0
49 61 0.7335014712063892 1.2448979591836735 1745 0
121 70 0.8022395141393054 0.5785123966942148 4227 1
238 191 0.7909580325461887 0.8025210084033614 25858 1
236 191 0.8937338126715374 0.809322033898305 23120 1
398 221 0.7743030412744388 0.5552763819095478 68436 1
364 247 0.8183373054815646 0.6785714285714286 58372 1
92 58 0.9272423664122137 0.6304347826086957 3887 1
335 249 0.836957183750533 0.7432835820895523 54968 1
181 121 0.8868487698986975 0.6685082872928176 19610 1
269 221 0.7908275908209005 0.8215613382899628 47282 1
134 97 0.9180948773790361 0.7238805970149254 9696 1
594 207 0.780823427826055 0.3484848484848485 85002 1
335 160 0.8511680643505048 0.47761194029850745 39787 1
65 64 0.9321550741163056 0.9846153846153847 3270 1
298 145 0.8935149037799109 0.4865771812080537 38909 1
158 88 0.688762235162929 0.5569620253164557 5559 1
193 127 0.8518770336554805 0.6580310880829016 17541 1
200 130 0.8338666666666666 0.65 18762 1
265 133 0.8903086298407706 0.5018867924528302 9058 1
378 306 0.8789970319762558 0.8095238095238095 62785 1
393 237 0.8196936195003112 0.6030534351145038 61909 1
272 157 0.8311546536039188 0.5772058823529411 29693 1
262 170 0.8612913435670201 0.648854961832061 32655 1
200 130 0.8796914193762128 0.65 18587 1
271 200 0.8604157549234136 0.7380073800738007 39321 1
444 217 0.8609018011846717 0.48873873873873874 64095 1
366 365 0.8545320186177839 0.9972677595628415 77477 1
397 243 0.8600231154488249 0.6120906801007556 66970 1
351 266 0.8182210764620438 0.7578347578347578 62526 1
252 164 0.8366973956513559 0.6507936507936508 31131 1
154 120 0.8434504792332268 0.7792207792207793 12672 1
254 167 0.9334101956873987 0.65748031496063 29955 1
277 168 0.8908415524529268 0.6064981949458483 34774 1
154 109 0.915916362824615 0.7077922077922078 12309 1
234 148 0.9190936160941244 0.6324786324786325 25310 1
190 178 0.9882057442393797 0.9368421052631579 9049 1
264 193 0.820819455931332 0.7310606060606061 36721 1
122 59 0.6422530446549392 0.48360655737704916 3797 1
254 158 0.893175830713011 0.6220472440944882 31530 1
111 57 0.7270578968097676 0.5135135135135135 3692 1
444 241 0.853306342780027 0.5427927927927928 75876 1
427 126 0.9937278339682123 0.29508196721311475 30261 1
345 171 0.8512575888985255 0.4956521739130435 43186 1
155 92 0.8577866366236242 0.5935483870967742 9898 1
194 55 0.9316077838654827 0.28350515463917525 4931 1
164 88 0.8952397348713093 0.5365853658536586 10400 1
207 103 0.8345843121526385 0.4975845410628019 14566 1
177 115 0.8024764500266603 0.6497175141242938 13545 1
211 120 0.8678127384532519 0.5687203791469194 19334 1
301 143 0.8855667003744295 0.4750830564784053 32402 1
381 304 0.8524601939422962 0.7979002624671916 71206 1
312 160 0.8195509516506172 0.5128205128205128 32596 1
241 136 0.8603556485355649 0.5643153526970954 19740 1
366 180 0.7532527345998848 0.4918032786885246 39252 1
144 88 0.9141012445026668 0.6111111111111112 9769 1
148 128 0.9392110065983434 0.8648648648648649 13380 1
213 179 0.8183733670459334 0.8403755868544601 23304 1
302 152 0.8482845729056515 0.5033112582781457 28879 1
173 101 0.8804362461289889 0.5838150289017341 13078 1
184 106 0.8349495857684156 0.5760869565217391 13001 1
125 88 0.887016157154481 0.704 7631 1
89 59 0.9793250950570342 0.6629213483146067 4121 1
93 55 0.9108828428650749 0.5913978494623656 3281 1
97 88 0.8246994211073178 0.9072164948453608 5556 1
210 133 0.8550316077225355 0.6333333333333333 20018 1
137 81 0.9525194805194805 0.5912408759124088 9168 1
460 297 0.8146853538578743 0.6456521739130435 72718 1
364 267 0.8304816536445455 0.7335164835164835 67176 1
353 230 0.8169286362216902 0.6515580736543909 54936 1
353 212 0.8663267244276259 0.6005665722379604 59294 1
410 244 0.8516705210844856 0.5951219512195122 69234 1
237 158 0.9000653777902307 0.6666666666666666 28911 1
414 178 0.8168403246414367 0.42995169082125606 45391 1
128 91 0.9324894514767933 0.7109375 8840 1
235 159 0.9364943568819717 0.676595744680851 28461 1
299 221 0.807007891941114 0.7391304347826086 42539 1
413 263 0.8674090508291379 0.6368038740920097 60991 1
126 74 0.7270760075737084 0.5873015873015873 5376 1
359 226 0.855635689895417 0.6295264623955432 55879 1
126 74 0.8040354631611129 0.5873015873015873 5260 1
589 204 0.8442275928844 0.3463497453310696 88936 1
200 112 0.9073408761863907 0.56 16921 1
403 235 0.8197326196260832 0.5831265508684863 63094 1
292 168 0.8111544128130792 0.5753424657534246 34135 1
95 89 0.9363541511402593 0.9368421052631579 6282 1
371 316 0.7845467767257737 0.8517520215633423 81454 1
368 224 0.8195194027529357 0.6086956521739131 52691 1
456 248 0.8244552717918533 0.543859649122807 75638 1
326 215 0.7998082267474931 0.6595092024539877 49213 1
456 274 0.8527070683481239 0.6008771929824561 87631 1
456 274 0.874780831387951 0.6008771929824561 87311 1
362 466 0.8200876802661045 1.287292817679558 112425 1
288 206 0.8821409773675047 0.7152777777777778 43576 1
353 361 0.8195701174465883 1.0226628895184136 75993 1
353 361 0.8442957966677089 1.0226628895184136 75605 1
444 453 0.8686107902986306 1.0202702702702702 105293 1
278 177 0.8566703966181773 0.6366906474820144 34451 1
301 225 0.7843234003559659 0.7475083056478405 44508 1
317 188 0.783213704660733 0.5930599369085173 40919 1
353 368 0.8397307676921231 1.0424929178470255 83963 1
343 286 0.8048589437610917 0.8338192419825073 65761 1
370 343 0.8378828627737067 0.927027027027027 76952 1
359 236 0.883610247000301 0.6573816155988857 61638 1
306 203 0.8651456019213449 0.6633986928104575 43227 1
121 70 0.8022395141393054 0.5785123966942148 4227 1
121 70 0.8022395141393054 0.5785123966942148 4227 1
158 88 0.688762235162929 0.5569620253164557 5559 1
177 115 0.8024764500266603 0.6497175141242938 13545 1
193 127 0.8518770336554805 0.6580310880829016 17541 1
65 64 0.9321550741163056 0.9846153846153847 3270 1
190 178 0.9882057442393797 0.9368421052631579 9049 1
92 58 0.9272423664122137 0.6304347826086957 3887 1
148 128 0.9392110065983434 0.8648648648648649 13380 1
238 191 0.7909580325461887 0.8025210084033614 25858 1
236 191 0.8937338126715374 0.809322033898305 23120 1
193 166 0.8668870083172919 0.8601036269430051 23868 1
187 144 0.8284054712385235 0.7700534759358288 22106 1
224 294 0.8378479148412595 1.3125 44943 1
276 146 0.8168426903835464 0.5289855072463768 32329 1
165 112 0.7438744461645225 0.6787878787878788 13935 1
191 156 0.74867197875166 0.8167539267015707 22550 1
181 129 0.7527547041871504 0.712707182320442 17762 1
201 108 0.7522898154477102 0.5373134328358209 16509 1
159 145 0.9526932429445141 0.9119496855345912 12929 1
180 180 0.7666798744247005 1.0 25154 1
161 146 0.787462736700676 0.906832298136646 18755 1
184 129 0.7808100049693556 0.7010869565217391 18855 1
183 130 0.7988104151068962 0.7103825136612022 19205 1
220 288 0.8745188086715743 1.309090909090909 38847 1
86 73 0.7987264043666136 0.8488372093023255 3512 1
565 456 0.7900638518220494 0.8070796460176991 106040 1
121 70 0.8022395141393054 0.5785123966942148 4227 1
158 88 0.688762235162929 0.5569620253164557 5559 1
177 115 0.8024764500266603 0.6497175141242938 13545 1
193 127 0.8518770336554805 0.6580310880829016 17541 1
65 64 0.9321550741163056 0.9846153846153847 3270 1
190 178 0.9882057442393797 0.9368421052631579 9049 1
92 58 0.9272423664122137 0.6304347826086957 3887 1
148 128 0.9392110065983434 0.8648648648648649 13380 1
238 191 0.7909580325461887 0.8025210084033614 25858 1
236 191 0.8937338126715374 0.809322033898305 23120 1
193 166 0.8668870083172919 0.8601036269430051 23868 1
187 144 0.8284054712385235 0.7700534759358288 22106 1
224 294 0.8378479148412595 1.3125 44943 1
276 146 0.8168426903835464 0.5289855072463768 32329 1
165 112 0.7438744461645225 0.6787878787878788 13935 1
191 156 0.74867197875166 0.8167539267015707 22550 1
181 129 0.7527547041871504 0.712707182320442 17762 1
201 108 0.7522898154477102 0.5373134328358209 16509 1
159 145 0.9526932429445141 0.9119496855345912 12929 1
180 180 0.7666798744247005 1.0 25154 1
161 146 0.787462736700676 0.906832298136646 18755 1
184 129 0.7808100049693556 0.7010869565217391 18855 1
183 130 0.7988104151068962 0.7103825136612022 19205 1
220 288 0.8745188086715743 1.309090909090909 38847 1
86 73 0.7987264043666136 0.8488372093023255 3512 1
565 456 0.7900638518220494 0.8070796460176991 106040 1
165 207 0.8147474747474748 1.2545454545454546 16132 1
251 184 0.7922755069198584 0.7330677290836654 36924 1
143 86 0.8974093264248705 0.6013986013986014 11258 1
256 146 0.8105062688462149 0.5703125 30642 1
321 313 0.8175348066160615 0.9750778816199377 65590 1
164 164 0.9248897861645585 1.0 22448 1
227 146 0.8779183746212796 0.6431718061674009 29556 1
349 300 0.7692932575142161 0.8595988538681948 44509 1
237 170 0.8119860146747427 0.7172995780590717 32978 1
241 154 0.8567198603665378 0.6390041493775933 27487 1
503 223 0.8540617666827824 0.4433399602385686 72427 1
208 157 0.8531555066684999 0.7548076923076923 24820 1
226 163 0.8312568041611226 0.7212389380530974 27488 1
386 237 0.8463886734542334 0.6139896373056994 51292 1
190 138 0.9208432051515704 0.7263157894736842 15158 1
339 265 0.848125857077556 0.7817109144542773 44530 1
210 143 0.9378608030096647 0.680952380952381 14459 1
270 349 0.8893682069617711 1.2925925925925925 68653 1
177 149 0.8205465055176038 0.8418079096045198 21861 1
198 161 0.94136460554371 0.8131313131313131 21192 1
271 169 0.8352751157532035 0.6236162361623616 38786 1
193 135 0.8864149877612503 0.6994818652849741 18831 1
158 94 0.8726765799256505 0.5949367088607594 13146 1
232 161 0.8139867171169264 0.6939655172413793 30763 1
305 188 0.90085185954706 0.6163934426229508 21679 1
265 150 0.7407599029911075 0.5660377358490566 22908 1
93 78 0.9719330855018588 0.8387096774193549 5229 1
189 152 0.9586361527756301 0.8042328042328042 12399 1
362 188 0.7657358789023881 0.5193370165745856 34854 1
208 170 0.8056021591655117 0.8173076923076923 22088 1
204 157 0.8378582202111614 0.7696078431372549 21109 1
265 130 0.8751926040061633 0.49056603773584906 10792 1
275 230 0.7702549520644009 0.8363636363636363 40091 1
274 272 0.8324832717233634 0.9927007299270073 35582 1
211 217 0.8336735790265392 1.028436018957346 23277 1
496 341 0.7994514305004642 0.6875 94727 1
496 238 0.8395672300100441 0.4798387096774194 76901 1
233 148 0.9288287788925226 0.6351931330472103 16757 1
209 127 0.8381471972614463 0.6076555023923444 23505 1
209 127 0.8809041835357625 0.6076555023923444 23499 1
257 200 0.8066985288626689 0.7782101167315175 43210 1
257 200 0.8356058408277729 0.7782101167315175 43205 1
128 47 0.8901545972335232 0.3671875 3282 1
243 244 0.8477185159107355 1.0041152263374487 43343 1
228 186 0.8903576778534072 0.8157894736842105 33879 1
290 263 0.8945130755655383 0.906896551724138 44604 1
122 94 0.7066889632107023 0.7704918032786885 4226 1
442 264 0.8397309062129007 0.5972850678733032 61538 1
76 87 0.9776007964161274 1.144736842105263 5892 1
74 77 0.995422922006591 1.0405405405405406 5437 1
84 58 0.9875250612608599 0.6904761904761905 4433 1
209 263 0.8129944453795658 1.2583732057416268 14490 1
339 174 0.83538361929427 0.5132743362831859 25805 1
188 120 0.9346322599836395 0.6382978723404256 12568 1
287 206 0.7437569527024435 0.7177700348432056 19389 1
191 144 0.9565282342396175 0.7539267015706806 12806 1
146 97 0.8104393136286048 0.6643835616438356 9021 1
146 97 0.8956895689568957 0.6643835616438356 8956 1
194 134 0.8885406464250735 0.6907216494845361 13608 1
146 97 0.8589582810801772 0.6643835616438356 10274 1
281 134 0.8499910039582583 0.47686832740213525 18897 1
299 175 0.8289443762223132 0.5852842809364549 36452 1
321 200 0.8282392540720394 0.6230529595015576 42815 1
184 54 0.8932759548144164 0.29347826086956524 8303 1
184 54 0.9963885879378838 0.29347826086956524 8277 1
123 91 0.7193191286751577 0.7398373983739838 6043 1
91 55 0.981590386090514 0.6043956043956044 3839 1
402 336 0.8170079785711832 0.835820895522388 71373 1
90 109 0.5732027287038657 1.211111111111111 3277 1
113 77 0.6147658205219878 0.6814159292035398 3439 1
109 73 0.6194690265486725 0.6697247706422018 3500 1
268 142 0.9073868578112347 0.5298507462686567 30255 1
243 162 0.8491882575336372 0.6666666666666666 30547 1
319 323 0.7466453075914868 1.0125391849529781 35889 1
118 82 0.6175781788125086 0.6949152542372882 4483 1
231 337 0.8208252297601343 1.4588744588744589 43049 1
621 311 0.787088005952607 0.500805152979066 103665 1
194 189 0.8323582812184789 0.9742268041237113 16504 1
187 95 0.9850122626941593 0.5080213903743316 10844 1
313 136 0.9775182990589055 0.43450479233226835 11218 1
237 161 0.8782798379557495 0.679324894514768 28184 1
181 229 0.7412958418993302 1.2651933701657458 22356 1
216 122 0.7691717791411042 0.5648148148148148 13039 1
66 46 0.9504021447721179 0.696969696969697 2127 1
180 116 0.9325401618552965 0.6444444444444445 15441 1
193 150 0.815809968847352 0.7772020725388601 12570 1
200 375 0.8900397999795897 1.875 34886 1
97 52 0.9846582984658299 0.5360824742268041 3530 1
88 55 0.7799787007454739 0.625 3662 1
193 130 0.892834847749185 0.6735751295336787 12872 1
187 115 0.8669858839624401 0.6149732620320856 13942 1
250 242 0.8915720199554188 0.968 33598 1
240 169 0.8697617356492542 0.7041666666666667 26940 1
214 62 0.88668430335097 0.2897196261682243 8044 1
180 87 0.5852959246364939 0.48333333333333334 5716 1
212 194 0.8669807154423671 0.9150943396226415 29447 1
222 155 0.9415427187824282 0.6981981981981982 19054 1
154 115 0.8377744260097201 0.7467532467532467 14997 1
205 199 0.8682919722208732 0.9707317073170731 35758 1
316 176 0.8578911544494096 0.5569620253164557 28989 1
348 193 0.8857850744643198 0.5545977011494253 32534 1
268 228 0.7996478941360831 0.8507462686567164 41333 1
289 233 0.8491482836344825 0.8062283737024222 45961 1
201 137 0.8474358974358974 0.681592039800995 18508 1
223 305 0.8835326648232669 1.3677130044843049 26521 1
305 134 0.7593717001055966 0.43934426229508194 5753 1
89 51 0.9796192008581389 0.5730337078651685 3653 1
97 54 0.9808324205914567 0.5567010309278351 3582 1
200 163 0.8880410387944854 0.815 13849 1
171 128 0.870318191189609 0.7485380116959064 12664 1
410 328 0.8805084100768704 0.8 34707 1
149 86 0.6309689383402874 0.5771812080536913 4083 1
184 223 0.8725556762629006 1.2119565217391304 25702 1
163 145 0.9357057811879879 0.8895705521472392 14146 1
219 146 0.8943265880051354 0.6666666666666666 29257 1
199 201 0.8268405697614553 1.0100502512562815 33726 1
170 203 0.8809260079751883 1.1941176470588235 15906 1
324 207 0.8343174620215793 0.6388888888888888 31085 1
161 122 0.8138947615691802 0.7577639751552795 13859 1
168 123 0.8457798415733406 0.7321428571428571 15482 1
421 208 0.10558252427184465 0.49406175771971494 4785 1
185 124 0.8751390581130476 0.6702702702702703 16520 1
103 83 0.7327453987730062 0.8058252427184466 3822 1
330 125 0.8465765715247014 0.3787878787878788 30194 1
215 200 0.8121287207344579 0.9302325581395349 25565 1
198 171 0.7709683691988592 0.8636363636363636 23789 1
191 201 0.7577292803325539 1.0523560209424083 23332 1
251 224 0.8668927862342819 0.8924302788844621 41916 1
203 170 0.779814773840756 0.8374384236453202 24671 1
345 229 0.7828209085978891 0.663768115942029 37530 1
205 131 0.9339180900877135 0.6390243902439025 14161 1
298 170 0.7666796255868895 0.5704697986577181 25637 1
148 91 0.7763041556145004 0.6148648648648649 8780 1
189 120 0.8472725148931199 0.6349206349206349 14507 1
173 102 0.8313701556301495 0.5895953757225434 13622 1
187 149 0.9214994591035229 0.7967914438502673 19592 1
204 216 0.8520004585578356 1.0588235294117647 22296 1
193 164 0.8246279922363597 0.8497409326424871 19119 1
136 74 0.6922970734400884 0.5441176470588235 5015 1
168 360 0.8695205369472366 2.142857142857143 27076 1
290 262 0.856014828544949 0.903448275862069 46182 1
242 213 0.8486597631670217 0.8801652892561983 34257 1
237 212 0.7882102497905202 0.8945147679324894 34805 1
238 182 0.8124472710753455 0.7647058823529411 25038 1
186 103 0.8729846904213521 0.553763440860215 12887 1
248 147 0.8621991829448317 0.592741935483871 25115 1
354 192 0.7755507362173268 0.5423728813559322 33973 1
186 151 0.9611245074398636 0.8118279569892473 16342 1
308 218 0.8308306041390844 0.7077922077922078 47693 1
308 218 0.8580474743088725 0.7077922077922078 47426 1
141 82 0.8723607528422662 0.5815602836879432 9131 1
527 183 0.8610227156076316 0.34724857685009486 58714 1
523 215 0.12032541102308544 0.4110898661567878 11300 1
313 162 0.8360082978491101 0.5175718849840255 30628 1
96 51 0.9848866498740554 0.53125 3519 1
245 32 0.8029766123316796 0.1306122448979592 4532 1
254 111 0.905853418593212 0.43700787401574803 18416 1
111 85 0.6885714285714286 0.7657657657657657 4338 1
180 392 0.7711081557097157 2.1777777777777776 42906 1
170 140 0.8914708886618999 0.8235294117647058 13964 1
180 131 0.8592709984152139 0.7277777777777777 18977 1
92 222 0.9054160972451989 2.4130434782608696 12588 1
787 499 0.8380964632063403 0.6340533672172808 117274 1
242 70 0.9701056729699666 0.2892561983471074 6977 1
161 196 0.8923524105442517 1.2173913043478262 17806 1
265 200 0.8426266798359822 0.7547169811320755 28153 1
275 289 0.8162282028021369 1.050909090909091 40489 1
293 277 0.8958543384140917 0.9453924914675768 60420 1
220 186 0.8298069946306776 0.8454545454545455 28591 1
220 186 0.8656356759394827 0.8454545454545455 28379 1
200 156 0.9523415522091676 0.78 17265 1
161 166 0.8427001429592567 1.031055900621118 18863 1
280 347 0.8193736086408556 1.2392857142857143 69564 1
234 184 0.7857161240509587 0.7863247863247863 30529 1
348 234 0.8536671092712645 0.6724137931034483 43718 1
302 235 0.8041323728470742 0.7781456953642384 51684 1
95 85 0.6895510368431649 0.8947368421052632 3425 1
107 85 0.7167170953101362 0.794392523364486 3790 1
301 269 0.8304761904761905 0.893687707641196 43164 1
156 93 0.887649022412971 0.5961538461538461 9307 1
417 158 0.8186898037143903 0.37889688249400477 40291 1
569 233 0.041967554738715794 0.4094903339191564 5800 1
259 160 0.8828626231893644 0.6177606177606177 26696 1
282 124 0.8912164175927109 0.4397163120567376 20932 1
220 182 0.8300162569584708 0.8272727272727273 33697 1
252 183 0.8674800836354974 0.7261904761904762 32776 1
245 219 0.7408571695353108 0.8938775510204081 23803 1
178 112 0.844488694758479 0.6292134831460674 13147 1
220 147 0.7966859057903556 0.6681818181818182 25674 1
181 53 0.8564980544747082 0.292817679558011 5503 1
171 123 0.749271684992012 0.7192982456140351 15946 1
167 94 0.9609701700585448 0.562874251497006 10341 1
161 125 0.8198675496688742 0.7763975155279503 16713 1
339 169 0.11205909072954931 0.49852507374631266 5674 1
315 165 0.8937685649493756 0.5238095238095238 27983 1
162 181 0.8870141608918349 1.117283950617284 26496 1
199 109 0.9060353845454132 0.5477386934673367 19921 1
240 201 0.8576216459240186 0.8375 41966 1
92 48 0.9596864501679732 0.5217391304347826 3428 1
368 179 0.8399931039767068 0.48641304347826086 43851 1
441 311 0.8381261199761072 0.7052154195011338 68754 1
240 241 0.8160948607715868 1.0041666666666667 29044 1
203 387 0.7966657835204924 1.9064039408866995 39090 1
198 296 0.8716377658441958 1.494949494949495 36845 1
235 149 0.8447453314553137 0.6340425531914894 18592 1
179 143 0.8808051694481893 0.7988826815642458 18947 1
289 218 0.8565782244199854 0.754325259515571 48329 1
330 228 0.8582046347149853 0.6909090909090909 54847 1
170 95 0.8057342999104016 0.5588235294117647 9892 1
123 60 0.7010900745840505 0.4878048780487805 3666 1
345 308 0.7820947123360239 0.8927536231884058 56102 1
371 185 0.811876676073125 0.49865229110512127 46320 1
175 75 0.9226580868704368 0.42857142857142855 7456 1
146 90 0.7106401384083045 0.6164383561643836 4929 1
93 69 0.7166530278232406 0.7419354838709677 3503 1
149 94 0.6360877684407096 0.6308724832214765 5450 1
75 56 0.973632538569425 0.7466666666666667 3471 1
216 171 0.8711349984192223 0.7916666666666666 13777 1
392 181 0.09281457540672858 0.461734693877551 6806 1
130 162 0.8216890143495648 1.2461538461538462 13972 1
129 155 0.9092295957284515 1.2015503875968991 13112 1
86 75 0.7704763697985314 0.872093023255814 4092 1
485 286 0.8391650772713499 0.5896907216494846 94156 1
506 458 0.7468580290489875 0.9051383399209486 134362 1
202 128 0.9123231237685832 0.6336633663366337 20374 1
293 131 0.8604029677555469 0.447098976109215 24469 1
191 118 0.8926503573105211 0.6178010471204188 17113 1
237 153 0.8533267511381712 0.6455696202531646 31114 1
229 237 0.8131946215792734 1.034934497816594 44633 1
274 323 0.8673889944295972 1.1788321167883211 53877 1
213 192 0.8355797212436821 0.9014084507042254 21822 1
155 88 0.8802862719583604 0.567741935483871 12177 1
222 184 0.8260720663421317 0.8288288288288288 33769 1
239 155 0.8731450195972429 0.6485355648535565 32302 1
248 172 0.8174806284211275 0.6935483870967742 22999 1
298 149 0.8289292313106725 0.5 28264 1
311 163 0.9018541677994671 0.5241157556270096 33172 1
152 71 0.8729484678067256 0.46710526315789475 7606 1
178 133 0.81979379389351 0.7471910112359551 16459 1
195 106 0.8388147003641983 0.5435897435897435 15201 1
238 165 0.8139704933545528 0.6932773109243697 18924 1
134 64 0.7139171101435252 0.47761194029850745 4427 1
166 108 0.9042582493251804 0.6506024096385542 16415 1
172 126 0.9005452067242162 0.7325581395348837 19821 1
201 141 0.870009058602188 0.7014925373134329 24971 1
194 149 0.9426197836166924 0.7680412371134021 14637 1
300 133 0.8560298652816102 0.44333333333333336 26370 1
214 140 0.8541596212377409 0.6542056074766355 20206 1
233 168 0.7995661605206074 0.721030042918455 23959 1
721 271 0.05771546533631516 0.37586685159500693 6710 1
85 87 0.7021820326321997 1.0235294117647058 3572 1
168 155 0.7908221254025384 0.9226190476190477 16699 1
206 139 0.8491171749598716 0.6747572815533981 21160 1
93 56 0.9173260572987721 0.6021505376344086 3362 1
150 89 0.9750905797101449 0.5933333333333334 10765 1
715 223 0.07231889974739099 0.3118881118881119 11337 1
206 127 0.8312731166050223 0.616504854368932 17081 1
169 115 0.8400534938147777 0.6804733727810651 12563 1
203 198 0.8656171482412061 0.9753694581280788 22049 1
232 216 0.8464342802658515 0.9310344827586207 30183 1
171 128 0.8638653660628148 0.7485380116959064 16118 1
94 90 0.9309160305343511 0.9574468085106383 7317 1
207 145 0.8349541212453925 0.7004830917874396 21293 1
298 296 0.8093833215195694 0.9932885906040269 42249 1
308 204 0.7956979939841163 0.6623376623376623 36770 1
213 141 0.8607171000788022 0.6619718309859155 26214 1
183 54 0.8464691634059996 0.29508196721311475 4543 1
207 141 0.7951721569556827 0.6811594202898551 23487 1
113 73 0.6488625123639961 0.6460176991150443 3280 1
270 195 0.8360464239957797 0.7222222222222222 44374 1
324 168 0.8629087143068501 0.5185185185185185 29162 1
273 180 0.7780085916543977 0.6593406593406593 38576 1
218 144 0.8981405867202714 0.6605504587155964 28595 1
132 62 0.6892422825070159 0.4696969696969697 3684 1
132 43 0.8968732857926495 0.32575757575757575 3270 1
195 55 0.8639705882352942 0.28205128205128205 5640 1
138 92 0.814138277468262 0.6666666666666666 8914 1
81 78 0.9336655782780546 0.9629629629629629 5433 1
174 89 0.9372977700043725 0.5114942528735632 10718 1
202 172 0.8703696319629969 0.8514851485148515 21828 1
109 76 0.6972744112198994 0.6972477064220184 5270 1
235 150 0.8782436808680658 0.6382978723404256 20882 1
325 131 0.8724787904796487 0.40307692307692305 26430 1
169 136 0.8171780971800865 0.8047337278106509 16431 1
210 283 0.8230284830692692 1.3476190476190477 36726 1
186 199 0.8451985419825166 1.0698924731182795 26202 1
166 85 0.9580869932432432 0.5120481927710844 9075 1
170 135 0.7999884852323105 0.7941176470588235 13895 1
189 125 0.818552446144554 0.6613756613756614 16263 1
228 255 0.7402356301320957 1.118421052631579 31101 1
219 239 0.9026435856146001 1.091324200913242 13453 1
198 119 0.8169964782827436 0.601010101010101 19487 1
319 260 0.9291023945938005 0.8150470219435737 63244 1
185 109 0.8487819195773407 0.5891891891891892 14459 1
203 142 0.881661511268228 0.6995073891625616 19952 1
185 175 0.8199726303658887 0.9459459459459459 22769 1
184 147 0.797102615694165 0.7989130434782609 19808 1
154 96 0.8893626405939866 0.6233766233766234 12098 1
171 93 0.8739156901537056 0.543859649122807 11485 1
256 216 0.7583606996850077 0.84375 22631 1
171 128 0.8562342652709686 0.7485380116959064 12924 1
134 91 0.8027050867391944 0.6791044776119403 8190 1
159 144 0.9214726151614073 0.9056603773584906 15243 1
419 204 0.890910548252645 0.48687350835322196 44460 1
241 208 0.8418202065195384 0.8630705394190872 33262 1
247 163 0.9483916578296218 0.659919028340081 21464 1
207 115 0.8397242351046699 0.5555555555555556 16687 1
321 156 0.7894657501205982 0.48598130841121495 26185 1
160 148 0.8579878740079854 0.925 17406 1
189 157 0.918249674183484 0.8306878306878307 23251 1
281 234 0.8504093879831871 0.8327402135231317 35002 1
214 134 0.9437665025333619 0.6261682242990654 13225 1
144 149 0.9298096976016684 1.0347222222222223 14267 1
165 118 0.8313835338056791 0.7151515151515152 15137 1
198 88 0.9016961385781307 0.4444444444444444 12493 1
246 129 0.8489703532753418 0.524390243902439 19129 1
234 130 0.8155696018599244 0.5555555555555556 22451 1
166 81 0.899209012464046 0.4879518072289157 7503 1
175 90 0.7124727344834424 0.5142857142857142 7186 1
202 170 0.8494263862332696 0.8415841584158416 12439 1
174 161 0.9306224585548952 0.9252873563218391 14876 1
219 140 0.9140528694699356 0.639269406392694 13347 1
323 291 0.8693034987543135 0.9009287925696594 56177 1
102 87 0.8031024629201252 0.8529411764705882 5902 1
158 213 0.8588127668225249 1.3481012658227849 16898 1
218 157 0.8193589594704448 0.7201834862385321 28222 1
292 201 0.7970719394194362 0.6883561643835616 47366 1
187 115 0.8732168983174835 0.6149732620320856 19099 1
92 77 0.9514652014652014 0.8369565217391305 5195 1
188 202 0.9050177579455423 1.074468085106383 19876 1
274 183 0.8312167546666144 0.6678832116788321 42348 1
471 200 0.8200797115202125 0.42462845010615713 56173 1
424 309 0.8518139099837427 0.7287735849056604 38249 1
172 181 0.762158438576349 1.052325581395349 16596 1
172 181 0.8460971241967765 1.052325581395349 16064 1
237 163 0.7876364938242139 0.6877637130801688 26400 1
170 92 0.8741016538228418 0.5411764705882353 10095 1
184 236 0.8232338611449452 1.2826086956521738 32442 1
348 183 0.836604829516012 0.5258620689655172 40362 1
174 118 0.8877683799609629 0.6781609195402298 16374 1
137 42 0.9391516766600044 0.30656934306569344 4229 1
162 211 0.8654001365865772 1.3024691358024691 13939 1
67 80 0.7287257019438445 1.1940298507462686 3374 1
187 142 0.8899289864428663 0.7593582887700535 13785 1
240 167 0.9120079863091842 0.6958333333333333 25580 1
242 173 0.8581909960673828 0.7148760330578512 29242 1
228 128 0.8450260976358612 0.5614035087719298 22018 1
308 177 0.8287652719212888 0.5746753246753247 30661 1
216 163 0.8629849115286008 0.7546296296296297 20533 1
230 184 0.8344984683057105 0.8 31872 1
362 191 0.8969076526079783 0.5276243093922652 42404 1
342 227 0.7862065203556557 0.6637426900584795 43239 1
205 87 0.8814265260965769 0.424390243902439 13544 1
403 152 0.086337195987725 0.3771712158808933 3770 1
229 170 0.8538375419828337 0.74235807860262 20592 1
385 152 0.8943854568854569 0.3948051948051948 33357 1
286 160 0.8704052618957898 0.5594405594405595 25408 1
300 163 0.8895354746899776 0.5433333333333333 35005 1
84 51 0.9852142426071213 0.6071428571428571 3265 1
392 143 0.8351578578622411 0.3647959183673469 38145 1
144 90 0.9444444444444444 0.625 9265 1
216 120 0.8182268896200477 0.5555555555555556 18154 1
270 270 0.8628446285481461 1.0 50825 1
170 109 0.8582923261071951 0.6411764705882353 12907 1
185 119 0.9107960741548528 0.6432432432432432 16704 1
394 180 0.08898405568652615 0.45685279187817257 6379 1
697 273 0.032366688718021015 0.3916786226685796 5969 1
146 87 0.6029339250493096 0.5958904109589042 4891 1
218 234 0.8579602314754383 1.073394495412844 39437 1
189 54 0.9507943512797882 0.2857142857142857 4309 1
179 51 0.960951689066473 0.2849162011173184 5291 1
152 115 0.8610440274939625 0.756578947368421 13905 1
186 109 0.7952470293933709 0.5860215053763441 12716 1
144 108 0.8896190054969356 0.75 14080 1
259 240 0.8131224159626101 0.9266409266409267 45234 1
219 143 0.787125899734815 0.6529680365296804 24933 1
199 147 0.7432159450542051 0.7386934673366834 22075 1
259 240 0.7850967618981618 0.9266409266409267 45315 1
424 192 0.07280131783655167 0.4528301886792453 4773 1
133 69 0.6723192019950125 0.518796992481203 4044 1
223 161 0.8678480576035873 0.7219730941704036 20128 1
222 152 0.9643274528354389 0.6846846846846847 17328 1
301 281 0.8433321906067878 0.9335548172757475 44280 1
286 176 0.8808522154156518 0.6153846153846154 35804 1
300 198 0.877215647770141 0.66 33950 1
122 95 0.5140419480981159 0.7786885245901639 4338 1
320 414 0.8942574807524407 1.29375 45067 1
137 183 0.8940993128851739 1.3357664233576643 12622 1
125 78 0.9549149098298196 0.624 7519 1
135 115 0.8907800391105961 0.8518518518518519 12299 1
199 114 0.9970444538271307 0.5728643216080402 16530 1
354 117 0.9945963783360146 0.3305084745762712 24112 1
239 165 0.8935229385458017 0.6903765690376569 17782 1
291 186 0.8978710733958613 0.6391752577319587 42217 1
172 49 0.9249873289406995 0.28488372093023256 5475 1
89 66 0.9082309990043146 0.7415730337078652 5473 1
257 147 0.8341687552213868 0.5719844357976653 25961 1
216 196 0.8349844167408726 0.9074074074074074 30006 1
292 180 0.8322167514192698 0.6164383561643836 30931 1
412 501 0.7510151176478368 1.2160194174757282 56782 1
205 282 0.8069618083331429 1.3756097560975609 35307 1
149 80 0.8213253798117253 0.5369127516778524 8812 1
149 80 0.8903661280425444 0.5369127516778524 8706 1
283 156 0.8927139037433155 0.5512367491166078 24039 1
208 121 0.8536214953271029 0.5817307692307693 14614 1
124 284 0.900043577731779 2.2903225806451615 16523 1
172 113 0.7704510897110999 0.6569767441860465 15201 1
145 97 0.9591660923501034 0.6689655172413793 11134 1
257 217 0.7819851756364808 0.8443579766536965 43677 1
277 267 0.7976656125166445 0.9638989169675091 38339 1
198 125 0.9637160865990683 0.6313131313131313 17583 1
215 172 0.7788958243650452 0.8 28950 1
227 180 0.8123903722471253 0.7929515418502202 33347 1
253 145 0.7858827356265756 0.5731225296442688 28992 1
436 208 0.8477866141178126 0.47706422018348627 60231 1
410 198 0.0772257828844685 0.48292682926829267 4651 1
227 243 0.8899869394862865 1.0704845814977975 20443 1
172 152 0.8006206710443465 0.8837209302325582 17801 1
266 180 0.8395974781765276 0.6766917293233082 34625 1
85 54 0.9619310344827586 0.6352941176470588 3487 1
220 147 0.8095044541543881 0.6681818181818182 23899 1
391 141 0.888531132374949 0.36061381074168797 39186 1
189 129 0.9488882471845221 0.6825396825396826 13144 1
191 57 0.9266275748007818 0.29842931937172773 6163 1
246 239 0.8686362729670427 0.9715447154471545 39192 1
275 169 0.8143883425892903 0.6145454545454545 31968 1
230 177 0.7901295389341293 0.7695652173913043 27265 1
291 422 0.7517655980192411 1.4501718213058419 82283 1
285 405 0.7923189537380441 1.4210526315789473 81181 1
147 45 0.9881938690969345 0.30612244897959184 4771 1
82 90 0.714107365792759 1.0975609756097562 4004 1
114 68 0.7340702210663199 0.5964912280701754 3387 1
89 89 0.9123038810900083 1.0 5524 1
172 143 0.9700276552806637 0.8313953488372093 12978 1
255 166 0.7884948704736029 0.6509803921568628 33664 1
230 158 0.7628649386084584 0.6869565217391305 27959 1
186 176 0.8269211501853522 0.946236559139785 16507 1
128 88 0.7263076923076923 0.6875 4721 1
251 156 0.7772475760190872 0.6215139442231076 30622 1
310 312 0.7667655449423052 1.0064516129032257 54024 1
188 108 0.8964352086501098 0.574468085106383 15918 1
87 53 0.994578313253012 0.6091954022988506 3302 1
238 157 0.8627759298457817 0.6596638655462185 28532 1
79 96 0.6759388038942976 1.2151898734177216 3402 1
219 195 0.8423979564685221 0.8904109589041096 31659 1
349 137 0.9938818280151434 0.39255014326647564 29403 1
752 232 0.058683007893643536 0.30851063829787234 7345 1
90 72 0.6583139083139083 0.8 3389 1
255 197 0.8664655446173388 0.7725490196078432 38199 1
214 156 0.9004392913726055 0.7289719626168224 25007 1
164 135 0.9243579766536965 0.823170731707317 17817 1
207 115 0.8826392644672796 0.5555555555555556 19584 1
169 131 0.9053134858044164 0.7751479289940828 18367 1
231 174 0.8301480556072406 0.7532467532467533 31231 1
248 149 0.8879678317352304 0.6008064516129032 28708 1
269 176 0.8401583446991118 0.654275092936803 25256 1
156 45 0.897119341563786 0.28846153846153844 4578 1
206 58 0.8964969958054643 0.2815533980582524 7908 1
96 84 0.952840639341668 0.875 6021 1
257 203 0.8153160046345889 0.7898832684824902 37295 1
324 186 0.7637434023548518 0.5740740740740741 37622 1
371 217 0.8099344202718999 0.5849056603773585 49031 1
263 211 0.8412105361479544 0.8022813688212928 40527 1
299 303 0.8345416736919014 1.0133779264214047 59396 1
358 225 0.7804341189890908 0.6284916201117319 48575 1
92 51 0.9591891891891892 0.5543478260869565 3549 1
172 116 0.9201062378867274 0.6744186046511628 12818 1
262 200 0.8979024030986607 0.7633587786259542 32918 1
238 144 0.827736677840712 0.6050420168067226 28643 1
154 134 0.8527701696218346 0.8701298701298701 17747 1
202 170 0.8766102478193056 0.8415841584158416 30350 1
402 45 1.0 0.11194029850746269 17722 1
438 171 0.8340031004951761 0.3904109589041096 55412 1
192 125 0.8577171903881701 0.6510416666666666 18561 1
269 182 0.8711348588686258 0.6765799256505576 37498 1
702 45 1.0 0.0641025641025641 31365 1
250 305 0.8799213107964693 1.22 33994 1
338 224 0.8456898403379395 0.6627218934911243 47247 1
165 201 0.8805206121004193 1.2181818181818183 16169 1
387 230 0.8427996283679158 0.5943152454780362 54428 1
194 56 0.9286599398123562 0.28865979381443296 5246 1
269 201 0.7841558198333177 0.7472118959107806 33496 1
327 241 0.806503953562777 0.7370030581039755 35291 1
238 202 0.8263542283506754 0.8487394957983193 29305 1
179 51 0.8929325751421608 0.2849162011173184 5496 1
199 142 0.9214446704414271 0.7135678391959799 16762 1
288 183 0.7512832929782083 0.6354166666666666 23271 1
224 70 0.8586600384137386 0.3125 7600 1
356 156 0.8892511903044293 0.43820224719101125 30817 1
127 90 0.57361820715281 0.7086614173228346 3705 1
141 86 0.9502100194652188 0.6099290780141844 9275 1
206 155 0.9603616694922096 0.7524271844660194 23792 1
196 123 0.8355980772786097 0.6275510204081632 18079 1
289 256 0.8644025595697532 0.8858131487889274 34717 1
403 264 0.7910853137662907 0.6550868486352357 72234 1
285 217 0.7903472833786422 0.7614035087719299 41283 1
348 180 0.7909273963755177 0.5172413793103449 41636 1
256 163 0.7643533208580804 0.63671875 28184 1
309 119 0.8698576972833117 0.3851132686084142 23534 1
133 81 0.6976337938700968 0.6090225563909775 4393 1
165 119 0.9365687834514682 0.7212121212121212 12949 1
227 137 0.8749611335672722 0.6035242290748899 19698 1
218 165 0.9522943480693901 0.7568807339449541 20421 1
138 65 0.64075382803298 0.47101449275362317 3264 1
114 69 0.694165575440128 0.6052631578947368 4771 1
198 135 0.8586015538290788 0.6818181818181818 19340 1
259 150 0.9029085485224201 0.5791505791505791 19371 1
165 162 0.8576739245884227 0.9818181818181818 12920 1
89 90 0.6879780349088056 1.0112359550561798 3508 1
157 79 0.8582795202952029 0.5031847133757962 7443 1
365 161 0.8947173232239987 0.4410958904109589 21713 1
258 118 0.8807283334901665 0.4573643410852713 18719 1
238 134 0.8124428577648134 0.5630252100840336 18661 1
348 160 0.8873164740691118 0.45977011494252873 31789 1
732 270 0.8123839593844734 0.36885245901639346 77447 1
339 136 0.12720368863574721 0.40117994100294985 3752 1
93 56 0.724647266313933 0.6021505376344086 3287 1
347 180 0.8732050333086603 0.5187319884726225 35391 1
342 140 0.8102223806520606 0.4093567251461988 29548 1
325 151 0.9262154898607379 0.4646153846153846 11373 1
228 172 0.8010897349656936 0.7543859649122807 23818 1
419 103 0.9944937289691037 0.2458233890214797 13004 1
189 96 0.2126588884332948 0.5079365079365079 5705 1
136 78 0.5831692913385826 0.5735294117647058 3555 1
94 92 0.8264369666720335 0.9787234042553191 5133 1
215 136 0.7994251602918417 0.6325581395348837 18079 1
309 150 0.786350343377255 0.4854368932038835 23931 1
120 91 0.6818281938325991 0.7583333333333333 6191 1
101 76 0.7252234745433346 0.7524752475247525 3732 1
505 323 0.8261830488183901 0.6396039603960396 71773 1
324 216 0.852944154726343 0.6666666666666666 33693 1
667 367 0.8718786257454717 0.5502248875562219 117980 1
506 214 0.8879017507185786 0.42292490118577075 74756 1
235 222 0.8885187828799535 0.9446808510638298 33610 1
185 97 0.881980056980057 0.5243243243243243 12383 1
188 203 0.7831607384061233 1.0797872340425532 26091 1
188 199 0.8294444444444444 1.0585106382978724 25381 1
219 122 0.8737197816480374 0.5570776255707762 16806 1
192 236 0.8640542205791744 1.2291666666666667 35059 1
155 114 0.8712293420163421 0.7354838709677419 14181 1
149 88 0.8457744900246581 0.5906040268456376 11319 1
174 115 0.7868324581393045 0.6609195402298851 15883 1
203 145 0.7902144772117963 0.7142857142857143 23580 1
190 172 0.7888448643706187 0.9052631578947369 25882 1
261 136 0.827558524132173 0.5210727969348659 25771 1
305 154 0.8409487814414179 0.5049180327868853 32263 1
305 154 0.8834550213528034 0.5049180327868853 32065 1
274 306 0.860778859527121 1.1167883211678833 61890 1
256 130 0.811472245811781 0.5078125 21022 1
256 130 0.8636270196932944 0.5078125 21006 1
146 43 0.9029667633281285 0.2945205479452055 4048 1
155 91 0.8741948746060024 0.5870967741935483 12758 1
169 225 0.8435842384440515 1.331360946745562 13359 1
283 234 0.890557626251553 0.8268551236749117 24371 1
181 107 0.8644462441789836 0.5911602209944752 17078 1
144 147 0.8812160257700825 1.0208333333333333 13131 1
333 273 0.8922115572013253 0.8198198198198198 73247 1
95 56 0.9067124735729387 0.5894736842105263 3431 1
413 481 0.7828080903104422 1.1646489104116222 86541 1
358 212 0.8684534362290124 0.5921787709497207 41638 1
219 265 0.8126621565917412 1.2100456621004567 33515 1
217 181 0.875012599536337 0.8341013824884793 34724 1
216 126 0.8709341192538548 0.5833333333333334 24232 1
201 127 0.809896335118887 0.6318407960199005 21016 1
131 40 0.9311894064790731 0.3053435114503817 3938 1
184 107 0.7958646055966997 0.5815217391304348 16012 1
219 164 0.8681422050076082 0.7488584474885844 31379 1
180 105 0.8190807729176126 0.5833333333333334 16235 1
206 190 0.8538426694851275 0.9223300970873787 28275 1
130 96 0.9264705882352942 0.7384615384615385 7560 1
215 180 0.8954616459754995 0.8372093023255814 21783 1
178 137 0.757030031691735 0.7696629213483146 15049 1
168 51 0.9450043821209465 0.30357142857142855 4313 1
411 261 0.8192479237157798 0.635036496350365 63921 1
303 106 0.8233445774224851 0.34983498349834985 17818 1
248 203 0.7973273942093542 0.8185483870967742 32936 1
124 81 0.6768787168859254 0.6532258064516129 3756 1
188 163 0.8376981796829125 0.8670212765957447 21399 1
224 186 0.8631636093491056 0.8303571428571429 30209 1
316 289 0.9126266256221098 0.9145569620253164 67298 1
254 184 0.873329220645692 0.7244094488188977 33976 1
152 72 0.9157321720195972 0.47368421052631576 8411 1
556 368 0.8932417105877644 0.6618705035971223 133888 1
550 376 0.8557440454334043 0.6836363636363636 139832 1
221 273 0.8266988339364696 1.2352941176470589 24672 1
133 61 0.6568844221105528 0.45864661654135336 3268 1
142 216 0.8680078508341511 1.5211267605633803 12383 1
210 64 0.936978945881023 0.3047619047619048 6631 1
93 76 0.7271907681211685 0.8172043010752689 4033 1
99 86 0.7156420233463036 0.8686868686868687 4598 1
93 58 0.9223968565815324 0.6236559139784946 3756 1
197 150 0.9077703803715257 0.7614213197969543 19498 1
229 158 0.8228676229059455 0.6899563318777293 30061 1
229 160 0.8562682137796434 0.6986899563318777 32027 1
172 127 0.9067216796364965 0.7383720930232558 17361 1
225 147 0.8931836734693878 0.6533333333333333 21883 1
303 147 0.8621142290414795 0.48514851485148514 29555 1
173 120 0.8744139980191482 0.6936416184971098 13243 1
480 199 0.8560478233620981 0.41458333333333336 53271 1
315 150 0.9006986419656174 0.47619047619047616 22948 1
181 117 0.8351949529423932 0.6464088397790055 16151 1
163 133 0.909076492044193 0.8159509202453987 17197 1
207 115 0.8743922610395469 0.5555555555555556 17445 1
325 135 0.7852778585976142 0.4153846153846154 18893 1
216 195 0.8842149989377522 0.9027777777777778 29134 1
174 322 0.831780055917987 1.8505747126436782 21420 1
238 186 0.751331386359732 0.7815126050420168 17494 1
228 215 0.8567189093944171 0.9429824561403509 36952 1
225 180 0.8525045703839123 0.8 34974 1
200 258 0.8832704789758588 1.29 34429 1
242 162 0.9449768671513549 0.6694214876033058 17157 1
120 70 0.7239282930631333 0.5833333333333334 4644 1
125 78 0.635243960208432 0.624 4023 1
382 302 0.8196737788243402 0.7905759162303665 57087 1
294 165 0.7669236905078437 0.5612244897959183 28844 1
94 79 0.8824285255380662 0.8404255319148937 5494 1
96 86 0.9776468549644776 0.8958333333333334 5642 1
145 187 0.8823563926538754 1.289655172413793 15038 1
325 149 0.8951238390092879 0.4584615384615385 32382 1
386 196 0.8702104366865345 0.5077720207253886 42924 1
374 204 0.7907400520639642 0.5454545454545454 21263 1
177 90 0.9361685463659147 0.5084745762711864 11953 1
233 138 0.8942297124015387 0.592274678111588 24408 1
270 294 0.8925668811378259 1.0888888888888888 31629 1
206 98 0.8459836246957292 0.47572815533980584 15292 1
170 120 0.8584142394822006 0.7058823529411765 14854 1
572 301 0.8664617851416355 0.5262237762237763 64846 1
313 183 0.8769982589427033 0.5846645367412141 44327 1
291 299 0.8667695232752037 1.0274914089347078 55618 1
155 134 0.7422971872154871 0.864516129032258 15491 1
200 169 0.7565040650406504 0.845 26054 1
203 225 0.8450119053403955 1.1083743842364533 34779 1
203 461 0.7643620889331789 2.270935960591133 56760 1
341 170 0.885638242571684 0.49853372434017595 42593 1
173 89 0.957527041778307 0.5144508670520231 9649 1
136 227 0.8962962962962963 1.6691176470588236 14520 1
182 220 0.8338970311912814 1.2087912087912087 26628 1
210 138 0.8921404229999459 0.6571428571428571 16493 1
122 79 0.8783799602013345 0.6475409836065574 7504 1
303 194 0.8451659600868576 0.6402640264026402 40868 1
267 180 0.8471817542449512 0.6741573033707865 33728 1
144 162 0.9051103719383127 1.125 14966 1
158 173 0.9066587835341069 1.0949367088607596 12268 1
187 55 0.8398091342876619 0.29411764705882354 4928 1
203 131 0.8819721115537849 0.645320197044335 19481 1
397 206 0.884126389815885 0.5188916876574308 54311 1
303 188 0.8386875275884055 0.6204620462046204 34200 1
138 94 0.2715199806833273 0.6811594202898551 4498 1
178 134 0.8862269184495475 0.7528089887640449 16942 1
216 121 0.8591512456679526 0.5601851851851852 13139 1
164 129 0.9584474885844749 0.7865853658536586 12594 1
178 91 0.9458912973147848 0.5112359550561798 11695 1
189 84 0.9562259306803594 0.4444444444444444 7449 1
176 133 0.9506164336386803 0.7556818181818182 13802 1
135 89 0.9141836734693878 0.6592592592592592 8959 1
324 229 0.8874253331291162 0.7067901234567902 28970 1
158 313 0.8953123451488223 1.981012658227848 27102 1
429 280 0.8864359394582089 0.6526806526806527 73560 1
291 217 0.7891827710448739 0.7457044673539519 38550 1
201 176 0.8427538956427288 0.8756218905472637 20173 1
219 116 0.8990100047142633 0.5296803652968036 17163 1
194 143 0.870185232174575 0.7371134020618557 17147 1
274 128 0.7975450027972488 0.46715328467153283 24235 1
190 147 0.924577731816615 0.7736842105263158 13411 1
76 55 0.9656488549618321 0.7236842105263158 3289 1
234 309 0.8389946757806143 1.3205128205128205 36086 1
254 211 0.7980380410363936 0.8307086614173228 31971 1
188 149 0.9544102335266994 0.7925531914893617 12833 1
167 165 0.7891340110515881 0.9880239520958084 18708 1
209 146 0.7980941704035874 0.6985645933014354 21357 1
154 86 0.8589654831371774 0.5584415584415584 8685 1
218 216 0.7974231691672709 0.9908256880733946 28594 1
84 75 0.962723803933079 0.8928571428571429 3280 1
146 97 0.9164119321176346 0.6643835616438356 8694 1
298 201 0.8403260895550934 0.674496644295302 35150 1
306 123 0.7811188526260033 0.4019607843137255 19171 1
258 323 0.88098362641578 1.251937984496124 43636 1
211 134 0.7933789329685362 0.6350710900473934 14499 1
155 86 0.9361960704881507 0.5548387096774193 9244 1
145 44 0.8221843833617125 0.30344827586206896 3380 1
177 163 0.8906531456401361 0.9209039548022598 13350 1
211 152 0.9020966046137671 0.7203791469194313 14586 1
286 212 0.7964817499011727 0.7412587412587412 36267 1
267 211 0.7672368668997718 0.7902621722846442 36644 1
187 97 0.933424963491109 0.5187165775401069 10866 1
206 135 0.8696589658965896 0.6553398058252428 19763 1
277 125 0.7727272727272727 0.45126353790613716 19074 1
448 156 0.8035060881070019 0.3482142857142857 38868 1
494 178 0.8020499108734402 0.3603238866396761 35996 1
522 259 0.07610491625660241 0.49616858237547895 8429 1
228 131 0.7668342993521992 0.5745614035087719 17993 1
247 179 0.7644760783474259 0.7246963562753036 28570 1
164 91 0.8331945423099096 0.5548780487804879 13007 1
219 146 0.8775819418676561 0.6666666666666666 28381 1
220 136 0.8383227629719694 0.6181818181818182 25511 1
257 182 0.8894394351820347 0.708171206225681 41825 1
286 496 0.7811149341514263 1.7342657342657342 92170 1
193 232 0.8882211912694212 1.2020725388601037 28527 1
222 237 0.8477901153929893 1.0675675675675675 38939 1
249 288 0.8694347773910956 1.1566265060240963 43470 1
108 76 0.7116223124342205 0.7037037037037037 4733 1
256 143 0.8966923628540696 0.55859375 20007 1
222 294 0.8096653084464689 1.3243243243243243 45504 1
286 226 0.8132510100921764 0.7902097902097902 46496 1
198 146 0.890534867051234 0.7373737373737373 26090 1
232 177 0.818192776893775 0.7629310344827587 33937 1
218 127 0.8331079157175398 0.5825688073394495 23407 1
208 144 0.8345431043054589 0.6923076923076923 25179 1
443 247 0.8027482941622441 0.5575620767494357 42353 1
274 164 0.864930586258732 0.5985401459854015 39126 1
144 90 0.8696482909914373 0.625 12289 1
144 90 0.9325032267861211 0.625 12282 1
92 91 0.9570808283233133 0.9891304347826086 5731 1
238 124 0.8505690252350322 0.5210084033613446 20628 1
280 198 0.8310375331732592 0.7071428571428572 32880 1
140 116 0.8701065154239868 0.8285714285714286 12580 1
164 95 0.9539170506912442 0.5792682926829268 8694 1
220 171 0.7968128983877015 0.7772727272727272 21251 1
183 129 0.8051130401602594 0.7049180327868853 16880 1
209 144 0.8482531114110061 0.6889952153110048 22628 1
320 271 0.8019490549611031 0.846875 57110 1
262 247 0.8365079365079365 0.9427480916030534 19499 1
167 142 0.9146236353189044 0.8502994011976048 19101 1
238 301 0.8790674153384718 1.2647058823529411 50411 1
311 173 0.8719895902216345 0.5562700964630225 40878 1
175 85 0.8778475127847513 0.4857142857142857 7553 1
191 231 0.8165946644101011 1.2094240837696335 18335 1
247 177 0.9060197197716658 0.7165991902834008 17459 1
119 87 0.699016604868612 0.7310924369747899 4336 1
200 161 0.760704515415117 0.805 24748 1
163 109 0.7825023622922572 0.6687116564417178 14078 1
181 146 0.8033096401599289 0.8066298342541437 21699 1
513 218 0.8153979618291686 0.4249512670565302 81773 1
248 191 0.7904779897978462 0.7701612903225806 29288 1
219 146 0.828972340624125 0.6666666666666666 26644 1
338 164 0.8033423733782893 0.48520710059171596 32880 1
338 164 0.8464767693417121 0.48520710059171596 32867 1
114 84 0.9533665516800818 0.7368421052631579 7462 1
161 99 0.7749330343238024 0.6149068322981367 12440 1
240 166 0.789671502668571 0.6916666666666667 21010 1
240 166 0.8413735074925875 0.6916666666666667 20999 1
233 150 0.8106929459405885 0.6437768240343348 28628 1
181 132 0.7555205700791316 0.7292817679558011 18236 1
234 143 0.7742097340692423 0.6111111111111112 26231 1
224 161 0.9637657864523537 0.71875 20986 1
350 178 0.8691595615103532 0.5085714285714286 35679 1
277 115 0.8513028038155015 0.4151624548736462 20616 1
247 244 0.8889588014981273 0.9878542510121457 29669 1
287 178 0.9066081371711399 0.6202090592334495 30773 1
160 145 0.9350737797956867 0.90625 12357 1
202 135 0.9452806607618323 0.6683168316831684 17396 1
252 133 0.7995115672750074 0.5277777777777778 24226 1
534 404 0.8861784861784862 0.7565543071161048 57544 1
149 81 0.8034014666874707 0.5436241610738255 5149 1
357 294 0.7934820133950149 0.8235294117647058 45968 1
82 58 0.9649026597203181 0.7073170731707317 3519 1
193 144 0.7637351498195678 0.7461139896373057 18836 1
255 290 0.8074294867895452 1.1372549019607843 39820 1
254 146 0.7710665476272234 0.5748031496062992 22455 1
88 70 0.9171348314606742 0.7954545454545454 3265 1
163 91 0.8596649049814461 0.558282208588957 7645 1
149 142 0.852864095844253 0.9530201342281879 18224 1
210 215 0.869550858652576 1.0238095238095237 23697 1
127 91 0.8052191710728296 0.7165354330708661 9442 1
143 75 0.8046218487394958 0.5244755244755245 8809 1
80 49 0.9519588218472976 0.6125 3329 1
95 76 0.9149275131432213 0.8 5743 1
181 54 0.8832384798971911 0.2983425414364641 4811 1
143 129 0.8312526675202732 0.9020979020979021 15581 1
178 53 0.9707755713750469 0.29775280898876405 5182 1
215 131 0.8305265857411523 0.6093023255813953 19431 1
208 116 0.8001852845092399 0.5576923076923077 16411 1
254 134 0.873765318250748 0.5275590551181102 21319 1
361 149 0.8344378988708886 0.41274238227146814 33995 1
277 317 0.746821087359956 1.144404332129964 65193 1
194 240 0.799608309435546 1.2371134020618557 34296 1
194 240 0.8410206084396468 1.2371134020618557 34280 1
117 117 0.9609766732068891 1.0 13224 1
173 145 0.766287284144427 0.838150289017341 19525 1
207 142 0.9028683763738719 0.6859903381642513 20208 1
214 136 0.8225034779953174 0.6355140186915887 24240 1
254 159 0.9541861188920012 0.6259842519685039 15329 1
406 171 0.8193854861532242 0.4211822660098522 40535 1
193 154 0.7505662978891041 0.7979274611398963 22863 1
474 130 0.10469176074823518 0.2742616033755274 4108 1
232 156 0.8965043295001603 0.6724137931034483 19568 1
96 70 0.7106663827975304 0.7291666666666666 3338 1
224 341 0.8761561678512316 1.5223214285714286 35996 1
275 189 0.8812304386415658 0.6872727272727273 37729 1
172 245 0.8951427302458917 1.4244186046511629 22170 1
383 230 0.8093578298987588 0.6005221932114883 60837 1
115 63 0.6604477611940298 0.5478260869565217 3540 1
287 138 0.22596969696969696 0.4808362369337979 7457 1
137 40 0.8589523400601117 0.291970802919708 4001 1
96 49 0.9422499422499423 0.5104166666666666 4079 1
98 94 0.6388241620362072 0.9591836734693877 3564 1
308 193 0.8207933447431703 0.6266233766233766 37887 1
236 185 0.8336916587290788 0.7838983050847458 30634 1
294 131 0.9815759342146352 0.445578231292517 9430 1
267 227 0.7818514593969752 0.850187265917603 40582 1
166 51 0.8520913315821378 0.3072289156626506 4217 1
173 92 0.8876985316152233 0.5317919075144508 11849 1
177 51 0.9290301862556197 0.288135593220339 5786 1
105 65 0.6909647228221742 0.6190476190476191 3839 1
230 189 0.7917417116936829 0.8217391304347826 23738 1
215 140 0.7832645365132752 0.6511627906976745 15370 1
155 45 0.9144083107497741 0.2903225806451613 4049 1
181 152 0.8543685158192574 0.8397790055248618 19929 1
199 114 0.8833082383308238 0.5728643216080402 16426 1
207 141 0.9079204057744831 0.6811594202898551 13962 1
258 132 0.891633555738811 0.5116279069767442 23787 1
183 208 0.8773666840368247 1.1366120218579234 15153 1
357 44 0.9999346746799059 0.12324929971988796 15307 1
200 286 0.8899489855523969 1.43 22853 1
114 68 0.6816326530612244 0.5964912280701754 3340 1
194 128 0.8259234794979929 0.6597938144329897 16255 1
283 138 0.8141768937790944 0.4876325088339223 19239 1
389 289 0.7703587326525269 0.7429305912596401 50014 1
188 191 0.8372504304928562 1.0159574468085106 17990 1
210 154 0.9386473661506015 0.7333333333333333 19583 1
242 71 0.8681781156665762 0.29338842975206614 6395 1
230 166 0.7801929860967005 0.7217391304347827 30078 1
157 105 0.8184310920362422 0.6687898089171974 13730 1
249 158 0.8467503136762861 0.6345381526104418 33743 1
250 159 0.8250168493048101 0.636 33051 1
177 125 0.8608275120902741 0.7062146892655368 19224 1
194 105 0.8327801029489584 0.5412371134020618 17311 1
459 130 0.054987651806400695 0.28322440087145967 8639 1
127 70 0.680316091954023 0.5511811023622047 3788 1
438 213 0.04911009142420134 0.4863013698630137 5651 1
231 157 0.7970351935510049 0.6796536796536796 29464 1
287 261 0.8128661559260928 0.9094076655052264 43290 1
254 134 0.8970971255386655 0.5275590551181102 18944 1
200 143 0.8228209916536453 0.715 21590 1
189 99 0.7668000970402717 0.5238095238095238 12643 1
173 150 0.8663377829367382 0.8670520231213873 14927 1
334 140 0.8566104853053274 0.41916167664670656 30342 1
386 235 0.7937471947935368 0.6088082901554405 56591 1
313 281 0.864153147070095 0.8977635782747604 47353 1
202 110 0.8885409252669039 0.5445544554455446 12484 1
134 146 0.8692313112097513 1.0895522388059702 12337 1
129 95 0.6988137421044524 0.7364341085271318 4536 1
199 272 0.8814420464335417 1.3668341708542713 39902 1
291 211 0.8407376514107493 0.7250859106529209 46365 1
250 143 0.8457938839917293 0.572 23316 1
241 249 0.8237029574728358 1.033195020746888 34341 1
449 205 0.8201358161258604 0.45657015590200445 53381 1
191 58 0.8998882681564245 0.3036649214659686 8054 1
218 219 0.832061864265466 1.0045871559633028 39919 1
202 157 0.8596886842682201 0.7772277227722773 27449 1
194 132 0.954676892129746 0.6804123711340206 15187 1
274 268 0.8702294130142321 0.9781021897810219 49161 1
275 237 0.8370386220177597 0.8618181818181818 39119 1
301 138 0.9060150375939849 0.4584717607973422 19521 1
219 134 0.8742658164121497 0.6118721461187214 20839 1
457 212 0.8685427010537129 0.4638949671772429 55803 1
76 58 0.9201827465735017 0.7631578947368421 3424 1
